433
434
435
439
441
442
472
473
474
475
479
481
482
526
533
534
566
573
574
618
629
668
721
745
797
838
852
853
854
890
905
906
907
930
944
945
946
997
998
1036
1037
1038
1090
1129
1130
1166
1167
1168
1170
1171
1175
1176
1178
1179
1180
1181
1206
1215
1216
1218
1219
1220
1258
1267
1268
1269
1270
1271
1272
1273
1274
1275
1287
1298
1307
1310
1311
1312
1350
1359
1389
1441
1451
1481
1533
1573
1625
1627
1628
1630
1727
1769
1770
1772
1773
1774
1810
1817
1819
1821
1822
1825
1826
1850
1857
1859
1861
1862
1864
1865
1866
1909
1917
1918
1919
1923
1949
1951
1956
1957
1958
2009
2010
2013
2048
2049
2050
2051
2102
2108
2112
2113
2141
2142
2152
2202
2219
2222
2242
2271
2272
2288
2292
2294
2320
2328
2332
2334
2380
2384
2386
2402
2403
2409
2411
2412
2413
2414
2415
2416
2417
2418
2419
2420
2424
2454
2455
2456
2457
2458
2459
2461
2463
2464
2465
2466
2467
2468
2469
2470
2471
2472
2476
2483
2494
2495
2503
2504
2505
2506
2507
2508
2509
2510
2511
2520
2522
2523
2524
2525
2545
2546
2547
2548
2550
2551
2553
2555
2556
2557
2558
2559
2560
2561
2562
2563
2564
2568
2570
2571
2572
2573
2575
2585
2586
2595
2596
2597
2598
2599
2611
2612
2614
2615
2617
2637
2638
2639
2640
2642
2643
2647
2648
2649
2650
2651
2652
2653
2654
2655
2662
2663
2664
2665
2667
2677
2678
2687
2703
2729
2730
2731
2732
2739
2740
2741
2742
2755
2756
2757
2759
2769
2823
2824
2831
2861
2915
2916
2923
2924
2936
2943
3007
3008
3015
3016
3028
3031
3107
3108
3199
3237
3238
3239
3240
3241
3242
3244
3245
3246
3252
3289
3291
3294
3297
3298
3329
3330
3331
3332
3333
3336
3337
3338
3343
3375
3376
3377
3378
3381
3383
3385
3386
3387
3388
3389
3390
3391
3393
3395
3415
3416
3417
3418
3421
3422
3423
3424
3425
3428
3429
3430
3434
3435
3436
3469
3470
3473
3476
3477
3478
3481
3482
3483
3484
3485
3486
3487
3488
3489
3492
3493
3508
3509
3510
3513
3516
3517
3518
3520
3521
3522
3523
3526
3527
3528
3568
3570
3573
3574
3575
3577
3579
3580
3581
3584
3585
3608
3610
3612
3613
3614
3617
3619
3620
3621
3624
3651
3652
3654
3672
3674
3694
3712
3714
3743
3744
3746
3747
3752
3755
3756
3757
3760
3764
3786
3787
3792
3795
3796
3800
3804
3834
3835
3836
3838
3839
3844
3847
3848
3852
3856
3859
3874
3884
3887
3892
3896
3899
3926
3927
3928
3929
3930
3931
3936
3939
3940
3944
3948
3951
3952
3953
3966
3976
3979
3980
3984
3988
3990
3991
3992
4018
4019
4020
4021
4022
4023
4028
4031
4032
4033
4036
4040
4042
4043
4044
4045
4058
4068
4071
4072
4073
4074
4075
4076
4080
4082
4084
4086
4087
4110
4111
4112
4114
4115
4120
4123
4124
4125
4126
4127
4128
4132
4134
4136
4137
4139
4150
4160
4162
4163
4164
4174
4175
4176
4178
4179
4201
4202
4203
4204
4212
4214
4215
4216
4217
4218
4224
4226
4227
4228
4229
4231
4252
4254
4255
4256
4266
4267
4268
4273
4295
4296
4304
4307
4308
4309
4316
4318
4319
4320
4321
4358
4359
4360
4365
4387
4388
4396
4408
4410
4412
4413
4450
4452
4477
4479
4480
4488
4500
4502
4504
4505
4540
4569
4571
4572
4580
4592
4594
4596
4597
4609
4663
4664
4672
4850
4888
4889
4890
4891
4938
4939
4940
4941
4942
4943
4978
4979
4980
4981
4982
4983
4992
4993
4994
4999
5000
5001
5037
5040
5045
5046
5047
5051
5052
5053
5077
5078
5080
5084
5085
5086
5091
5092
5093
5123
5124
5132
5134
5137
5138
5139
5140
5141
5142
5143
5144
5145
5147
5148
5149
5163
5172
5174
5176
5177
5178
5179
5181
5182
5183
5184
5185
5187
5229
5230
5231
5233
5235
5236
5237
5239
5240
5241
5268
5269
5270
5271
5273
5275
5276
5277
5279
5280
5309
5310
5311
5322
5323
5324
5329
5348
5349
5350
5351
5361
5362
5363
5364
5369
5401
5402
5403
5439
5440
5441
5442
5443
5491
5492
5493
5494
5495
5531
5532
5533
5583
5584
5585
5591
5729
5730
5731
5732
5733
5737
5740
5771
5782
5783
5784
5785
5789
5792
5793
5811
5821
5822
5823
5829
5830
5859
5860
5881
5882
5899
5921
5922
5953
5954
5955
5956
5957
5961
5963
5964
5965
5966
5967
5968
5969
5973
5976
5977
5992
5993
5994
5995
5996
5997
6001
6003
6004
6005
6006
6007
6008
6009
6013
6016
6047
6058
6059
6060
6065
6087
6097
6098
6099
6100
6105
6139
6179
6231
6358
6359
6410
6411
6412
6450
6502
6503
6504
6511
6542
6552
6553
6554
6555
6556
6559
6560
6561
6562
6563
6595
6596
6597
6598
6599
6600
6601
6602
6603
6604
6605
6606
6607
6608
6609
6610
6611
6613
6615
6640
6641
6642
6643
6644
6645
6646
6647
6648
6651
6652
6653
6654
6655
6687
6688
6689
6690
6691
6697
6698
6699
6700
6701
6727
6728
6729
6730
6731
6737
6738
6739
6779
6780
6801
6802
6819
6841
6842
6875
6886
6888
6893
6915
6925
6926
6928
6933
6967
7094
7095
7146
7147
7148
7186
7187
7205
7206
7207
7238
7239
7240
7241
7242
7259
7278
7279
7280
7281
7282
7283
7285
7287
7288
7289
7290
7291
7292
7293
7294
7295
7296
7297
7298
7299
7300
7308
7309
7331
7332
7333
7334
7335
7337
7339
7340
7341
7342
7343
7344
7345
7346
7347
7348
7349
7350
7351
7352
7371
7372
7373
7374
7375
7377
7379
7380
7381
7382
7383
7395
7425
7426
7441
7447
7464
7465
7466
7487
7517
7526
7556
7557
7611
7651
7699
7700
7791
7792
7883
7884
7885
7921
7922
7973
7974
7977
8013
8014
8065
8066
8067
8068
8069
8105
8106
8123
8158
8159
8160
8161
8171
8172
8175
8176
8198
8215
8216
8217
8219
8251
8252
8253
8254
8257
8258
8259
8260
8263
8264
8265
8269
8271
8291
8297
8298
8299
8300
8303
8304
8307
8308
8309
8311
8343
8344
8345
8346
8347
8358
8359
8360
8361
8368
8369
8383
8384
8385
8386
8397
8398
8399
8400
8401
8408
8437
8438
8441
8453
8454
8455
8458
8459
8476
8477
8478
8481
8493
8495
8498
8499
8505
8537
8629
8659
8711
8712
8713
8750
8751
8769
8771
8802
8803
8804
8805
8811
8817
8819
8821
8823
8842
8843
8849
8894
8895
8896
8897
8901
8934
8935
8941
8945
8946
8948
8951
8952
8953
8955
8956
8965
8986
8987
8988
8989
8990
8998
8999
9000
9001
9002
9003
9004
9006
9007
9008
9026
9027
9028
9029
9030
9037
9038
9040
9043
9044
9045
9047
9048
9057
9079
9080
9081
9082
9083
9087
9090
9091
9092
9093
9095
9096
9097
9100
9119
9120
9121
9122
9127
9130
9131
9132
9133
9134
9135
9136
9137
9140
9149
9171
9172
9174
9175
9182
9185
9186
9187
9188
9189
9193
9196
9197
9211
9214
9215
9222
9224
9225
9226
9227
9228
9229
9233
9234
9236
9263
9264
9266
9267
9271
9274
9277
9278
9279
9281
9285
9303
9306
9307
9311
9314
9316
9317
9318
9319
9321
9325
9355
9356
9358
9359
9447
9448
9488
9489
9539
9540
9541
9542
9579
9580
9581
9585
9587
9597
9599
9603
9631
9632
9633
9634
9637
9638
9639
9642
9646
9647
9649
9651
9655
9671
9672
9673
9677
9678
9679
9680
9681
9682
9683
9684
9685
9686
9687
9688
9689
9690
9691
9693
9695
9698
9699
9700
9701
9723
9724
9725
9726
9727
9729
9730
9731
9732
9733
9734
9735
9736
9737
9738
9739
9740
9741
9742
9743
9745
9747
9748
9749
9751
9763
9764
9765
9769
9770
9771
9772
9773
9774
9775
9776
9777
9778
9779
9781
9783
9814
9815
9816
9817
9818
9821
9823
9824
9825
9826
9827
9828
9829
9830
9831
9832
9833
9835
9854
9855
9856
9857
9858
9861
9863
9864
9865
9866
9868
9869
9870
9871
9873
9875
9880
9884
9885
9907
9908
9909
9910
9911
9915
9916
9917
9918
9919
9920
9921
9922
9923
9924
9925
9926
9928
9931
9932
9933
9947
9948
9949
9950
9951
9955
9956
9957
9958
9959
9960
9963
9964
9965
9966
9968
9969
9971
9972
9976
9977
9999
10000
10001
10002
10003
10010
10011
10012
10013
10014
10015
10016
10017
10020
10021
10022
10024
10025
10039
10040
10041
10042
10043
10050
10051
10052
10053
10054
10055
10056
10057
10060
10061
10062
10064
10069
10091
10092
10093
10094
10095
10099
10100
10102
10103
10104
10105
10106
10107
10108
10109
10111
10113
10114
10116
10117
10131
10132
10133
10134
10135
10139
10140
10142
10143
10144
10145
10146
10147
10148
10149
10151
10153
10154
10156
10183
10184
10185
10186
10187
10191
10194
10197
10198
10199
10200
10201
10205
10206
10223
10226
10227
10234
10236
10237
10238
10239
10240
10241
10245
10246
10275
10276
10278
10279
10286
10289
10290
10291
10292
10293
10316
10317
10318
10319
10333
10369
10370
10371
10385
10408
10409
10410
10411
10425
10461
10462
10463
10477
10500
10501
10502
10503
10551
10552
10557
10559
10561
10566
10591
10609
10611
10643
10644
10645
10646
10647
10649
10651
10653
10654
10658
10659
10661
10663
10665
10683
10684
10685
10686
10689
10691
10694
10697
10698
10699
10701
10703
10712
10713
10735
10736
10737
10738
10739
10741
10742
10743
10744
10745
10746
10747
10748
10749
10750
10751
10752
10753
10754
10755
10756
10757
10758
10759
10760
10761
10763
10775
10776
10777
10778
10779
10781
10782
10783
10784
10785
10786
10787
10788
10789
10790
10791
10792
10793
10794
10795
10796
10797
10798
10799
10800
10802
10803
10804
10805
10827
10828
10829
10830
10831
10833
10834
10835
10836
10837
10838
10839
10840
10841
10842
10843
10844
10845
10846
10847
10848
10849
10850
10851
10852
10853
10855
10867
10868
10869
10870
10871
10873
10874
10875
10876
10877
10878
10879
10880
10881
10882
10883
10884
10885
10886
10887
10888
10889
10890
10891
10892
10894
10895
10896
10897
10919
10920
10921
10922
10923
10925
10926
10927
10928
10929
10930
10931
10932
10933
10934
10935
10936
10937
10938
10939
10940
10941
10942
10943
10944
10945
10947
10958
10959
10960
10961
10962
10963
10965
10966
10967
10968
10969
10970
10971
10972
10973
10974
10975
10976
10977
10978
10979
10980
10981
10983
10984
10986
10987
10988
10989
11010
11011
11012
11013
11014
11015
11017
11018
11019
11020
11021
11022
11023
11024
11025
11026
11027
11028
11029
11030
11032
11033
11034
11036
11037
11051
11052
11053
11054
11055
11059
11060
11061
11062
11063
11064
11065
11066
11067
11068
11069
11070
11072
11073
11074
11076
11080
11081
11103
11104
11105
11106
11107
11111
11112
11113
11114
11115
11116
11117
11118
11119
11120
11121
11122
11124
11125
11126
11128
11129
11143
11144
11145
11146
11147
11151
11152
11154
11155
11156
11157
11158
11159
11160
11161
11164
11165
11166
11168
11173
11195
11196
11197
11198
11199
11203
11204
11206
11207
11208
11209
11210
11211
11212
11213
11216
11217
11218
11220
11221
11235
11236
11237
11238
11239
11243
11244
11246
11247
11248
11249
11250
11251
11252
11253
11255
11256
11257
11258
11259
11260
11262
11263
11265
11287
11288
11289
11290
11291
11295
11296
11298
11299
11300
11301
11302
11303
11304
11305
11307
11308
11309
11310
11311
11312
11313
11315
11327
11328
11329
11330
11331
11335
11338
11340
11341
11342
11343
11344
11345
11347
11349
11350
11352
11379
11380
11381
11382
11383
11390
11393
11394
11395
11396
11397
11399
11401
11402
11404
11405
11419
11420
11421
11422
11423
11430
11432
11433
11434
11435
11436
11437
11439
11441
11471
11472
11475
11482
11489
11493
11511
11515
11522
11529
11533
11563
11564
11565
11569
11571
11572
11573
11574
11575
11576
11577
11578
11579
11580
11581
11582
11584
11603
11611
11613
11614
11615
11616
11617
11618
11619
11654
11655
11656
11657
11658
11659
11661
11662
11663
11664
11665
11666
11667
11668
11669
11670
11671
11672
11673
11674
11675
11677
11678
11679
11680
11681
11682
11683
11694
11695
11696
11697
11698
11701
11702
11703
11704
11705
11706
11707
11708
11709
11710
11711
11712
11713
11714
11715
11717
11719
11720
11721
11722
11723
11724
11746
11747
11748
11749
11750
11751
11753
11755
11756
11757
11758
11759
11760
11761
11762
11763
11764
11765
11766
11767
11768
11769
11770
11771
11772
11773
11775
11787
11788
11789
11790
11791
11793
11795
11796
11797
11798
11799
11800
11801
11802
11803
11804
11805
11806
11807
11808
11809
11810
11811
11812
11814
11815
11816
11817
11839
11840
11841
11842
11843
11845
11847
11848
11849
11850
11851
11852
11853
11854
11855
11856
11857
11858
11859
11860
11861
11862
11863
11864
11865
11867
11879
11880
11881
11882
11883
11885
11887
11888
11889
11890
11891
11892
11893
11894
11895
11896
11897
11898
11899
11900
11901
11902
11903
11904
11906
11907
11908
11909
11931
11932
11933
11934
11935
11937
11939
11940
11941
11942
11943
11944
11945
11946
11947
11948
11949
11950
11951
11952
11953
11954
11955
11956
11957
11959
11971
11972
11973
11974
11975
11977
11979
11980
11981
11982
11983
11984
11985
11986
11987
11988
11989
11990
11991
11992
11993
11994
11995
11996
11998
11999
12000
12001
12023
12024
12025
12026
12027
12029
12031
12032
12033
12034
12035
12036
12037
12038
12039
12040
12041
12042
12043
12044
12045
12046
12047
12048
12049
12051
12063
12064
12065
12066
12067
12069
12071
12072
12073
12074
12075
12076
12077
12078
12079
12080
12081
12082
12084
12085
12086
12088
12092
12093
12115
12116
12117
12118
12119
12121
12123
12124
12125
12126
12127
12128
12129
12130
12131
12132
12133
12134
12136
12137
12138
12140
12141
12155
12156
12157
12158
12159
12161
12163
12164
12165
12166
12167
12168
12169
12170
12171
12172
12173
12174
12176
12177
12178
12180
12185
12207
12208
12209
12210
12211
12215
12216
12218
12219
12220
12221
12222
12223
12224
12225
12226
12228
12229
12230
12232
12233
12247
12248
12249
12250
12251
12255
12256
12258
12259
12260
12261
12262
12263
12264
12265
12266
12268
12269
12270
12272
12277
12299
12300
12301
12302
12303
12308
12310
12311
12312
12313
12314
12315
12316
12317
12320
12321
12322
12324
12325
12339
12340
12341
12342
12343
12348
12350
12351
12352
12353
12354
12355
12356
12357
12360
12361
12362
12364
12369
12391
12392
12393
12394
12395
12402
12405
12406
12407
12408
12409
12411
12413
12414
12415
12416
12417
12431
12432
12433
12434
12435
12442
12444
12445
12446
12447
12448
12449
12451
12453
12454
12455
12456
12461
12483
12484
12486
12487
12497
12498
12501
12505
12523
12526
12527
12536
12537
12538
12541
12545
12575
12576
12578
12579
12708
12709
12710
12711
12718
12761
12762
12763
12770
12800
12801
12802
12803
12817
12853
12854
12855
12869
12892
12893
12894
12895
13218
13219
13220
13221
13222
13223
13225
13227
13228
13229
13230
13231
13232
13233
13234
13235
13236
13237
13238
13239
13240
13241
13242
13243
13244
13245
13247
13258
13259
13260
13261
13262
13263
13265
13267
13268
13269
13270
13271
13272
13273
13274
13275
13276
13277
13278
13279
13280
13281
13282
13283
13284
13286
13287
13288
13289
13310
13311
13312
13313
13314
13315
13317
13319
13320
13321
13322
13323
13324
13325
13326
13327
13328
13329
13330
13331
13332
13333
13334
13335
13336
13337
13339
13351
13352
13353
13354
13355
13357
13359
13360
13361
13362
13363
13364
13365
13366
13367
13368
13369
13370
13371
13372
13373
13374
13375
13376
13378
13379
13380
13381
13403
13404
13405
13406
13407
13409
13411
13412
13413
13414
13415
13416
13417
13418
13419
13420
13421
13422
13423
13424
13425
13426
13427
13428
13429
13431
13443
13444
13445
13446
13447
13449
13451
13452
13453
13454
13455
13456
13457
13458
13459
13460
13461
13462
13463
13464
13465
13466
13467
13468
13470
13471
13472
13473
13495
13496
13497
13498
13499
13501
13503
13504
13505
13506
13507
13508
13509
13510
13511
13512
13513
13514
13515
13516
13517
13518
13519
13520
13521
13523
13535
13536
13537
13538
13539
13541
13543
13544
13545
13546
13547
13548
13549
13550
13551
13552
13553
13554
13555
13556
13557
13558
13559
13560
13562
13563
13564
13565
13587
13588
13589
13590
13591
13593
13595
13596
13597
13598
13599
13600
13601
13602
13603
13604
13605
13606
13607
13608
13609
13610
13611
13612
13613
13615
13627
13628
13629
13630
13631
13635
13636
13638
13639
13640
13641
13642
13643
13644
13645
13646
13648
13649
13650
13652
13656
13657
13679
13680
13681
13682
13683
13687
13688
13690
13691
13692
13693
13694
13695
13696
13697
13698
13700
13701
13702
13704
13705
13719
13720
13721
13722
13723
13727
13731
13732
13733
13734
13735
13736
13737
13738
13740
13741
13742
13744
13749
13771
13772
13774
13775
13783
13784
13785
13786
13787
13788
13789
13790
13793
13794
13796
13797
13811
13814
13815
13823
13824
13825
13826
13827
13828
13829
13830
13833
13836
13841
13863
13864
13865
13866
13867
13875
13876
13877
13878
13879
13880
13881
13885
13888
13889
13903
13904
13905
13906
13907
13915
13916
13917
13918
13919
13920
13921
13925
13928
13933
13955
13956
13957
13958
13959
13967
13968
13969
13970
13971
13972
13973
13974
13977
13980
13981
13995
13996
13997
13998
13999
14007
14008
14009
14010
14011
14012
14013
14014
14017
14020
14025
14047
14048
14050
14051
14061
14062
14065
14069
14087
14090
14091
14100
14101
14102
14109
14139
14140
14142
14143
14145
14149
14150
14179
14180
14181
14182
14183
14185
14189
14190
14231
14232
14233
14234
14235
14237
14241
14242
14272
14273
14274
14275
14282
14285
14286
14325
14326
14327
14334
14338
14364
14365
14366
14367
14417
14418
14419
14793
14833
14893
14933
15080
15081
15082
15083
15084
15085
15087
15099
15100
15101
15102
15103
15105
15107
15108
15109
15110
15111
15112
15113
15114
15115
15116
15117
15118
15119
15120
15121
15122
15123
15124
15126
15127
15128
15129
15151
15152
15153
15154
15155
15157
15159
15160
15161
15162
15163
15164
15165
15166
15167
15168
15169
15170
15171
15172
15173
15174
15175
15176
15177
15179
15191
15192
15193
15194
15195
15197
15199
15200
15201
15202
15203
15204
15205
15206
15207
15208
15209
15210
15211
15212
15213
15214
15215
15216
15218
15219
15220
15221
15243
15244
15245
15246
15247
15249
15251
15252
15253
15254
15255
15256
15257
15258
15259
15260
15261
15262
15263
15264
15265
15266
15267
15268
15269
15271
15283
15284
15285
15286
15287
15292
15293
15294
15295
15296
15297
15298
15299
15300
15301
15302
15303
15304
15305
15306
15307
15308
15310
15311
15312
15313
15335
15336
15337
15338
15339
15344
15345
15346
15347
15348
15349
15350
15351
15352
15353
15354
15355
15356
15357
15358
15359
15360
15361
15363
15375
15376
15377
15378
15379
15384
15385
15386
15387
15388
15389
15390
15391
15392
15393
15394
15396
15397
15398
15400
15404
15405
15427
15428
15429
15430
15431
15436
15437
15438
15439
15440
15441
15442
15443
15444
15445
15446
15448
15449
15450
15452
15453
15467
15468
15469
15470
15471
15476
15477
15478
15479
15480
15481
15482
15483
15484
15485
15486
15488
15489
15490
15492
15497
15519
15520
15522
15523
15531
15532
15533
15534
15535
15536
15537
15538
15540
15541
15542
15544
15545
15559
15562
15563
15571
15572
15573
15574
15575
15576
15577
15578
15580
15581
15582
15584
15589
15611
15612
15614
15615
15623
15624
15625
15626
15627
15628
15629
15633
15636
15637
15651
15654
15655
15663
15664
15665
15666
15667
15668
15669
15673
15676
15681
15703
15704
15706
15707
15717
15718
15721
15725
15743
15746
15747
15756
15757
15758
15761
15765
15773
15795
15796
15798
15799
15809
15810
15812
15817
15835
15838
15839
15848
15849
15850
15852
15857
15887
15888
15890
15891
15901
15902
15904
15909
15928
15929
15930
15931
15938
15981
15982
15983
15990
16020
16021
16022
16023
16073
16074
16075
16112
16113
16114
16115
16357
16397
16449
16457
16459
16489
16497
16499
16541
16549
16581
16589
16633
16641
16681
16733
16773
16825
16952
16953
16954
16955
16957
16958
16960
16961
16963
16964
16968
16969
16991
16992
16994
16995
16997
17001
17002
17003
17004
17005
17006
17007
17009
17010
17012
17013
17015
17016
17017
17031
17034
17035
17037
17041
17042
17043
17044
17045
17046
17047
17049
17050
17052
17053
17055
17056
17060
17061
17083
17084
17086
17087
17089
17092
17093
17094
17095
17096
17097
17098
17099
17100
17101
17102
17103
17104
17105
17106
17107
17108
17109
17123
17126
17127
17129
17132
17133
17134
17135
17136
17137
17138
17139
17140
17141
17142
17143
17144
17145
17146
17147
17148
17152
17153
17175
17176
17178
17179
17184
17186
17187
17188
17189
17190
17191
17192
17193
17194
17196
17197
17198
17200
17201
17203
17215
17218
17219
17224
17226
17227
17228
17229
17230
17231
17232
17233
17234
17236
17237
17238
17240
17242
17243
17244
17245
17267
17268
17270
17271
17276
17278
17279
17280
17281
17282
17283
17284
17285
17286
17288
17289
17290
17292
17293
17307
17310
17311
17316
17318
17319
17320
17321
17322
17323
17324
17325
17326
17328
17329
17330
17332
17337
17359
17360
17362
17363
17371
17372
17373
17374
17375
17376
17378
17380
17381
17382
17399
17402
17403
17411
17412
17413
17414
17415
17416
17418
17420
17421
17422
17429
17451
17452
17454
17455
17463
17464
17465
17466
17467
17468
17470
17473
17491
17494
17495
17504
17513
17521
17543
17544
17546
17547
17557
17565
17583
17587
17635
17636
17639
17675
17679
17727
17728
17767
18005
18006
18007
18044
18045
18046
18047
18097
18136
18137
18189
18412
18413
18421
18431
18436
18465
18473
18483
18488
18489
18504
18505
18513
18514
18520
18521
18523
18525
18528
18557
18565
18566
18572
18573
18575
18577
18580
18581
18596
18597
18605
18606
18612
18613
18615
18617
18649
18657
18659
18660
18665
18667
18669
18688
18689
18697
18699
18705
18707
18709
18741
18757
18761
18780
18781
18797
18801
18833
18849
18872
18873
18889
18925
18941
18981
19034
19036
19037
19038
19039
19040
19041
19055
19058
19059
19066
19067
19068
19069
19070
19071
19074
19076
19077
19078
19079
19080
19085
19107
19108
19110
19111
19118
19119
19120
19121
19122
19123
19126
19128
19129
19130
19131
19132
19133
19147
19150
19151
19156
19159
19160
19161
19162
19163
19164
19165
19166
19167
19168
19169
19170
19172
19177
19199
19200
19202
19203
19208
19211
19212
19213
19214
19215
19216
19217
19218
19219
19220
19221
19222
19224
19225
19239
19242
19243
19251
19252
19253
19254
19257
19258
19260
19261
19269
19291
19292
19294
19295
19303
19304
19305
19306
19307
19309
19310
19312
19313
19331
19334
19335
19343
19344
19383
19384
19386
19387
19397
19423
19426
19427
19436
19475
19476
19479
19515
19519
19661
19669
19677
19679
19681
19684
19685
19700
19701
19709
19717
19719
19721
19724
19753
19761
19763
19764
19767
19768
19769
19771
19773
19774
19776
19777
19792
19793
19801
19803
19807
19808
19809
19811
19813
19814
19816
19845
19853
19855
19856
19859
19860
19861
19863
19865
19868
19869
19884
19885
19893
19895
19899
19900
19901
19903
19905
19908
19937
19945
19947
19948
19951
19952
19953
19955
19957
19960
19961
19976
19977
19993
19997
20029
20045
20049
20068
20069
20085
20121
20137
20160
20161
20177
20229
20269
20303
20304
20306
20307
20315
20316
20317
20324
20343
20346
20347
20355
20356
20364
20395
20396
20399
20409
20435
20439
20448
20487
20491
20531
20583
20675
20696
20697
20712
20713
20721
20729
20731
20736
20765
20773
20781
20783
20788
20789
20804
20805
20813
20814
20815
20817
20818
20819
20820
20821
20823
20825
20826
20828
20857
20865
20866
20867
20868
20870
20871
20872
20873
20875
20877
20878
20880
20881
20896
20897
20905
20907
20909
20910
20911
20912
20913
20915
20917
20920
20949
20957
20959
20960
20962
20963
20964
20965
20967
20969
20972
20973
20988
20989
20997
20999
21001
21002
21003
21004
21005
21007
21009
21041
21046
21057
21061
21080
21081
21086
21097
21101
21133
21149
21172
21173
21189
21241
21281
21326
21327
21328
21329
21333
21337
21340
21341
21356
21357
21358
21366
21367
21368
21373
21377
21380
21409
21410
21418
21419
21420
21421
21448
21449
21460
21501
21513
21549
21557
21564
21601
21609
21616
21617
21632
21633
21641
21643
21645
21646
21647
21648
21649
21651
21653
21654
21656
21661
21685
21693
21695
21696
21698
21699
21700
21701
21703
21705
21706
21708
21709
21724
21725
21733
21735
21737
21738
21739
21740
21741
21743
21745
21748
21753
21777
21785
21786
21787
21788
21790
21791
21792
21793
21795
21797
21800
21801
21816
21817
21825
21826
21827
21829
21830
21831
21832
21833
21835
21837
21869
21874
21885
21889
21908
21909
21914
21925
21929
21961
21977
22000
22001
22017
22152
22153
22154
22155
22156
22157
22158
22159
22160
22161
22162
22163
22164
22165
22166
22167
22168
22169
22184
22185
22186
22187
22189
22190
22191
22192
22193
22194
22195
22196
22197
22198
22199
22200
22201
22202
22203
22204
22205
22206
22207
22208
22212
22213
22237
22238
22239
22241
22242
22243
22244
22245
22246
22247
22248
22249
22250
22251
22252
22253
22254
22255
22256
22257
22260
22261
22276
22277
22278
22282
22283
22285
22286
22287
22288
22289
22290
22291
22293
22295
22296
22297
22300
22304
22305
22329
22330
22334
22335
22337
22338
22339
22340
22341
22342
22343
22345
22347
22348
22349
22352
22353
22368
22369
22370
22378
22379
22380
22381
22382
22385
22389
22392
22397
22421
22422
22430
22431
22432
22433
22434
22437
22441
22444
22445
22460
22461
22462
22471
22472
22513
22523
22524
22525
22552
22553
22563
22564
22569
22576
22578
22579
22621
22628
22629
22631
22661
22668
22670
22671
22673
22705
22707
22708
22710
22711
22712
22713
22717
22718
22720
22721
22745
22747
22749
22750
22751
22752
22753
22757
22758
22760
22765
22789
22799
22800
22802
22803
22804
22805
22809
22828
22829
22839
22841
22842
22843
22844
22845
22849
22857
22881
22897
22920
22921
22937
22973
22989
23012
23013
23029
23065
23081
23296
23297
23298
23299
23300
23301
23302
23303
23304
23305
23306
23307
23308
23309
23310
23311
23312
23316
23317
23341
23342
23343
23344
23345
23346
23347
23348
23349
23350
23351
23352
23353
23354
23355
23356
23357
23358
23359
23360
23361
23362
23363
23364
23365
23380
23381
23382
23383
23384
23385
23386
23387
23388
23389
23390
23391
23392
23393
23394
23395
23396
23397
23398
23399
23400
23401
23402
23403
23404
23408
23409
23433
23434
23435
23437
23438
23439
23441
23442
23443
23444
23445
23446
23447
23448
23449
23450
23451
23452
23453
23454
23455
23456
23457
23472
23473
23474
23475
23477
23478
23479
23481
23482
23483
23484
23485
23486
23487
23488
23489
23490
23491
23492
23493
23494
23495
23496
23500
23501
23525
23526
23527
23530
23531
23533
23534
23535
23536
23537
23538
23539
23541
23543
23544
23545
23548
23549
23564
23565
23566
23567
23570
23571
23573
23574
23575
23576
23577
23578
23579
23581
23583
23584
23585
23588
23592
23593
23617
23623
23625
23626
23627
23628
23629
23633
23637
23640
23641
23656
23657
23663
23665
23666
23667
23668
23673
23677
23680
23709
23718
23719
23720
23748
23749
23758
23759
23801
23810
23811
23812
23840
23841
23893
23945
23946
23949
23956
23998
24001
24008
24009
24035
24037
24038
24039
24040
24041
24045
24048
24087
24088
24090
24091
24092
24093
24097
24100
24101
24127
24129
24130
24131
24132
24133
24145
24179
24180
24182
24183
24184
24185
24219
24221
24222
24223
24224
24225
24237
24261
24276
24277
24300
24301
24316
24317
24329
24445
24446
24447
24449
24450
24451
24452
24453
24454
24455
24456
24457
24458
24459
24460
24461
24462
24463
24464
24465
24466
24467
24468
24469
24484
24485
24486
24487
24489
24490
24491
24492
24493
24494
24495
24496
24497
24498
24499
24500
24501
24502
24503
24504
24505
24506
24507
24508
24512
24513
24537
24538
24539
24541
24542
24543
24545
24546
24547
24548
24549
24550
24551
24552
24553
24554
24555
24556
24557
24558
24560
24561
24576
24577
24578
24579
24581
24582
24583
24585
24586
24587
24588
24589
24590
24591
24592
24593
24594
24595
24596
24597
24598
24600
24604
24605
24629
24630
24631
24633
24634
24635
24637
24638
24639
24640
24641
24642
24643
24644
24645
24646
24647
24648
24649
24652
24653
24668
24669
24670
24671
24674
24675
24677
24678
24679
24680
24681
24682
24683
24685
24687
24688
24689
24692
24697
24721
24722
24723
24726
24727
24729
24730
24731
24732
24733
24734
24735
24737
24739
24740
24741
24744
24745
24760
24761
24767
24770
24771
24772
24777
24781
24784
24789
24813
24819
24822
24823
24824
24825
24829
24833
24836
24837
24852
24853
24862
24863
24905
24914
24915
24916
24944
24945
24954
24955
24997
25036
25037
25089
25128
25129
25197
25204
25205
25237
25244
25286
25288
25289
25296
25297
25325
25326
25328
25329
25336
25341
25376
25378
25380
25381
25388
25389
25415
25417
25418
25420
25421
25428
25433
25467
25468
25470
25472
25473
25588
25589
25590
25591
25593
25594
25595
25597
25598
25599
25600
25601
25602
25603
25604
25605
25607
25608
25609
25610
25611
25612
25616
25617
25641
25642
25643
25645
25646
25647
25649
25650
25651
25652
25653
25654
25655
25656
25657
25659
25660
25661
25662
25663
25664
25665
25680
25681
25682
25683
25685
25686
25687
25689
25690
25691
25692
25693
25694
25695
25696
25697
25698
25699
25700
25701
25702
25703
25704
25708
25709
25733
25734
25735
25736
25737
25738
25739
25741
25742
25743
25744
25745
25746
25747
25748
25749
25750
25751
25752
25753
25754
25755
25756
25757
25772
25773
25774
25775
25776
25777
25778
25779
25781
25782
25783
25784
25785
25786
25787
25788
25789
25790
25791
25792
25793
25795
25796
25800
25801
25825
25826
25827
25829
25830
25831
25833
25834
25835
25836
25837
25838
25839
25840
25841
25842
25843
25844
25845
25847
25848
25849
25864
25865
25866
25867
25869
25870
25871
25873
25874
25875
25876
25877
25878
25879
25880
25881
25882
25883
25884
25885
25887
25888
25892
25893
25917
25918
25919
25922
25923
25925
25926
25927
25928
25929
25930
25931
25933
25935
25936
25937
25940
25941
25956
25957
25958
25959
25962
25963
25965
25966
25967
25968
25969
25970
25971
25973
25975
25976
25977
25980
25985
26009
26011
26015
26017
26018
26019
26020
26025
26027
26029
26032
26033
26048
26049
26051
26055
26057
26058
26059
26065
26067
26069
26072
26077
26101
26103
26110
26111
26112
26140
26141
26150
26151
26193
26202
26203
26204
26232
26233
26243
26285
26295
26296
26324
26325
26377
26433
26485
26524
26525
26532
26559
26560
26576
26577
26584
26585
26599
26616
26617
26624
26629
26663
26664
26666
26667
26668
26669
26676
26677
26703
26705
26706
26707
26708
26709
26716
26721
26837
26838
26839
26841
26842
26843
26845
26846
26847
26848
26849
26850
26851
26852
26853
26855
26856
26857
26858
26859
26860
26861
26876
26877
26878
26879
26881
26882
26883
26885
26886
26887
26888
26889
26890
26891
26892
26893
26895
26896
26897
26898
26899
26900
26904
26905
26929
26930
26931
26933
26934
26935
26936
26937
26938
26939
26940
26941
26942
26943
26944
26945
26946
26947
26948
26949
26950
26951
26952
26953
26968
26969
26970
26971
26972
26973
26974
26975
26976
26977
26978
26979
26980
26981
26982
26983
26984
26985
26986
26987
26988
26989
26990
26991
26992
26996
26997
27021
27022
27023
27024
27025
27026
27027
27028
27029
27030
27031
27032
27033
27034
27035
27036
27037
27038
27039
27040
27041
27042
27043
27044
27045
27060
27061
27062
27063
27065
27066
27067
27069
27070
27071
27072
27073
27074
27075
27076
27077
27078
27079
27080
27081
27082
27083
27084
27088
27089
27113
27114
27115
27117
27118
27119
27121
27122
27123
27124
27125
27126
27127
27128
27129
27130
27131
27132
27133
27134
27135
27136
27137
27152
27153
27154
27155
27157
27158
27159
27161
27162
27163
27164
27165
27166
27167
27168
27169
27170
27171
27172
27173
27174
27175
27176
27180
27181
27205
27206
27207
27209
27210
27211
27213
27214
27215
27216
27217
27218
27219
27220
27221
27222
27223
27224
27225
27226
27227
27228
27229
27244
27245
27246
27247
27250
27251
27253
27254
27255
27256
27257
27258
27259
27261
27263
27264
27265
27268
27273
27297
27299
27302
27303
27305
27306
27307
27308
27309
27310
27311
27313
27315
27316
27317
27320
27321
27336
27337
27339
27342
27343
27345
27346
27347
27348
27349
27350
27351
27353
27355
27356
27357
27360
27389
27391
27397
27398
27399
27400
27405
27407
27408
27409
27412
27413
27428
27429
27431
27437
27438
27439
27445
27447
27448
27449
27452
27481
27491
27492
27520
27521
27531
27573
27612
27613
27681
27685
27688
27689
27721
27725
27728
27768
27771
27773
27780
27781
27795
27807
27811
27813
27820
27825
27847
27848
27859
27860
27863
27865
27887
27899
27903
27904
27905
27917
27939
27940
27951
27952
27955
27956
27957
27980
27981
27982
27983
27985
27986
27987
27989
27990
27991
27992
27993
27994
27995
27996
27997
27998
27999
28000
28001
28002
28003
28004
28008
28009
28033
28034
28035
28037
28038
28039
28041
28042
28043
28044
28045
28046
28047
28048
28049
28050
28051
28052
28053
28054
28055
28056
28057
28072
28073
28074
28075
28077
28078
28079
28080
28081
28082
28083
28084
28085
28086
28087
28088
28089
28090
28091
28092
28093
28094
28095
28096
28100
28101
28125
28126
28127
28129
28130
28131
28132
28133
28134
28135
28136
28137
28138
28139
28140
28141
28142
28143
28144
28145
28146
28147
28148
28149
28164
28165
28166
28167
28169
28170
28171
28172
28173
28174
28175
28176
28177
28178
28179
28180
28181
28182
28183
28184
28185
28186
28187
28188
28192
28193
28217
28218
28219
28221
28222
28223
28225
28226
28227
28228
28229
28230
28231
28232
28233
28234
28235
28236
28237
28238
28239
28240
28241
28256
28257
28258
28259
28261
28262
28263
28265
28266
28267
28268
28269
28270
28271
28272
28273
28274
28275
28276
28277
28278
28279
28280
28284
28285
28309
28310
28311
28313
28314
28315
28317
28318
28319
28320
28321
28322
28323
28324
28325
28326
28327
28328
28329
28330
28331
28332
28333
28348
28349
28350
28351
28353
28354
28355
28357
28358
28359
28360
28361
28362
28363
28364
28365
28366
28367
28368
28369
28370
28371
28372
28376
28377
28401
28402
28403
28405
28406
28407
28409
28410
28411
28412
28414
28417
28419
28420
28421
28424
28425
28440
28441
28442
28443
28445
28446
28447
28449
28450
28451
28453
28454
28457
28459
28460
28461
28464
28469
28493
28494
28495
28498
28502
28503
28504
28509
28513
28516
28517
28532
28533
28535
28538
28542
28543
28549
28553
28556
28585
28587
28590
28594
28595
28596
28624
28625
28627
28635
28677
28679
28687
28688
28716
28717
28769
28825
28832
28837
28877
28884
28885
28915
28916
28917
28924
28929
28951
28952
28963
28964
28967
28968
28969
28976
28977
28991
29003
29007
29008
29009
29016
29020
29045
29046
29047
29049
29050
29051
29053
29054
29055
29056
29057
29058
29059
29060
29061
29062
29063
29064
29065
29066
29067
29068
29069
29084
29085
29086
29087
29089
29090
29091
29093
29094
29095
29096
29097
29098
29099
29100
29101
29102
29103
29104
29105
29106
29107
29108
29112
29137
29138
29139
29141
29142
29143
29144
29145
29146
29147
29148
29149
29150
29151
29152
29153
29154
29155
29156
29157
29158
29159
29160
29161
29176
29177
29178
29179
29181
29182
29183
29184
29185
29186
29187
29188
29189
29190
29191
29192
29193
29194
29195
29196
29197
29198
29199
29200
29204
29205
29229
29230
29231
29233
29234
29235
29237
29238
29239
29240
29241
29242
29243
29244
29245
29246
29247
29248
29249
29250
29251
29252
29253
29268
29269
29270
29271
29273
29274
29275
29277
29278
29279
29280
29281
29282
29283
29284
29285
29286
29287
29288
29289
29290
29291
29292
29296
29297
29321
29322
29323
29325
29326
29327
29329
29330
29331
29332
29334
29335
29336
29337
29338
29339
29340
29341
29342
29343
29344
29345
29360
29361
29362
29363
29365
29366
29367
29369
29370
29371
29373
29374
29375
29376
29377
29378
29379
29380
29381
29382
29383
29384
29388
29389
29413
29414
29415
29417
29418
29419
29421
29422
29423
29424
29426
29427
29428
29429
29430
29431
29432
29433
29436
29437
29452
29453
29454
29455
29457
29458
29461
29462
29463
29469
29471
29472
29473
29476
29481
29505
29506
29507
29509
29510
29513
29514
29515
29516
29521
29523
29524
29525
29528
29529
29544
29545
29547
29549
29553
29554
29555
29561
29565
29597
29599
29601
29605
29606
29607
29608
29613
29617
29636
29637
29639
29647
29689
29691
29699
29700
29728
29729
29731
29739
29781
29820
29821
29849
29889
29929
29941
29965
29973
29974
29985
30004
30005
30013
30014
30025
30057
30058
30059
30061
30062
30063
30064
30065
30066
30067
30068
30070
30071
30072
30073
30075
30076
30077
30078
30080
30081
30096
30097
30098
30099
30101
30102
30103
30104
30105
30106
30107
30109
30110
30111
30112
30113
30115
30116
30117
30118
30120
30124
30125
30149
30150
30151
30153
30154
30155
30156
30157
30158
30159
30160
30162
30163
30164
30165
30166
30167
30168
30169
30170
30171
30172
30173
30188
30189
30190
30191
30193
30194
30195
30196
30197
30198
30199
30201
30202
30203
30204
30205
30206
30207
30208
30209
30210
30211
30212
30216
30217
30241
30242
30243
30245
30246
30247
30248
30249
30250
30251
30252
30254
30255
30256
30257
30258
30259
30260
30261
30262
30263
30264
30265
30280
30281
30282
30283
30285
30286
30287
30289
30290
30291
30293
30294
30295
30296
30297
30298
30299
30300
30301
30302
30303
30304
30308
30309
30333
30334
30335
30337
30338
30339
30341
30342
30343
30344
30346
30347
30348
30349
30350
30351
30352
30353
30354
30355
30356
30357
30372
30373
30374
30375
30377
30378
30381
30382
30383
30389
30390
30391
30392
30393
30396
30401
30425
30426
30427
30429
30430
30433
30434
30435
30436
30441
30442
30443
30444
30445
30448
30449
30464
30465
30466
30467
30469
30470
30473
30474
30475
30481
30483
30485
30517
30519
30525
30526
30527
30528
30533
30535
30537
30556
30557
30559
30565
30566
30567
30573
30575
30609
30619
30620
30648
30649
30659
30701
30702
30703
30706
30707
30709
30710
30711
30712
30719
30720
30721
30740
30741
30742
30743
30746
30747
30749
30750
30751
30760
30761
30793
30801
30802
30813
30832
30833
30841
30842
30853
30885
30903
30904
30905
30906
30908
30909
30943
30944
30945
30946
30948
30952
30992
30993
30994
30995
30996
30997
30998
30999
31000
31001
31016
31017
31018
31019
31021
31022
31023
31025
31026
31027
31029
31030
31032
31033
31034
31035
31036
31037
31038
31039
31040
31044
31045
31069
31070
31071
31073
31074
31075
31077
31078
31079
31080
31082
31084
31085
31086
31087
31088
31089
31090
31091
31092
31093
31108
31109
31110
31111
31113
31114
31115
31117
31118
31119
31121
31122
31123
31124
31125
31126
31127
31128
31129
31130
31131
31132
31136
31137
31161
31162
31163
31165
31166
31167
31169
31170
31171
31172
31174
31175
31176
31177
31178
31179
31180
31181
31182
31183
31184
31185
31200
31201
31202
31203
31205
31206
31209
31210
31211
31217
31218
31219
31221
31224
31229
31253
31254
31255
31257
31258
31261
31262
31263
31264
31269
31270
31271
31273
31276
31277
31292
31293
31294
31295
31297
31298
31301
31302
31303
31309
31311
31313
31316
31345
31347
31350
31353
31354
31355
31356
31361
31363
31365
31368
31369
31384
31385
31387
31390
31393
31394
31395
31401
31403
31405
31437
31447
31448
31476
31477
31487
31529
31568
31569
31621
31622
31623
31626
31627
31629
31630
31631
31632
31640
31641
31660
31661
31662
31663
31666
31667
31669
31670
31671
31680
31681
31713
31714
31715
31718
31719
31721
31722
31723
31724
31729
31731
31732
31733
31734
31736
31737
31758
31759
31761
31762
31763
31769
31771
31772
31773
31774
31776
31781
31810
31811
31813
31814
31815
31816
31821
31823
31824
31825
31826
31827
31828
31829
31844
31845
31846
31847
31849
31850
31851
31853
31854
31855
31857
31858
31859
31860
31861
31862
31863
31864
31865
31866
31867
31868
31872
31897
31898
31899
31901
31902
31903
31905
31906
31907
31908
31910
31911
31912
31913
31914
31915
31916
31917
31918
31919
31920
31921
31936
31937
31938
31939
31941
31942
31945
31946
31947
31953
31954
31955
31956
31957
31959
31989
31990
31991
31993
31994
31997
31998
31999
32000
32005
32006
32007
32008
32009
32011
32028
32029
32030
32031
32034
32037
32038
32039
32045
32047
32049
32081
32083
32086
32089
32090
32091
32092
32097
32099
32101
32120
32121
32123
32126
32129
32130
32131
32173
32212
32213
32265
32266
32267
32269
32270
32271
32273
32274
32275
32276
32284
32285
32304
32305
32306
32307
32309
32310
32311
32313
32314
32315
32324
32325
32373
32376
32413
32467
32468
32469
32507
32508
32509
32681
32689
32692
32693
32733
32741
32744
32745
32764
32765
32766
32767
32769
32770
32771
32773
32774
32775
32777
32778
32781
32782
32783
32784
32785
32787
32788
32817
32818
32819
32821
32822
32823
32825
32826
32827
32828
32830
32833
32834
32835
32836
32837
32839
32840
32841
32856
32857
32858
32859
32861
32862
32863
32865
32866
32867
32873
32875
32876
32877
32879
32909
32911
32913
32914
32917
32918
32919
32920
32925
32927
32928
32929
32931
32948
32949
32951
32953
32954
32957
32958
32959
32965
32967
33001
33005
33006
33009
33011
33012
33017
33019
33040
33041
33045
33046
33049
33051
33057
33059
33093
33101
33132
33133
33141
33185
33186
33187
33191
33193
33194
33195
33196
33205
33224
33225
33226
33227
33231
33233
33234
33235
33245
33277
33278
33279
33387
33388
33389
33427
33428
33429
33479
33480
33481
33601
33609
33653
33661
33693
33701
33703
33704
33705
33737
33742
33745
33746
33747
33748
33753
33755
33756
33757
33776
33777
33782
33785
33786
33787
33793
33795
33796
33797
33829
33834
33837
33839
33840
33845
33847
33849
33868
33869
33874
33877
33879
33885
33887
33889
33921
33926
33929
33937
33960
33961
33966
33969
33977
34013
34017
34018
34021
34052
34053
34057
34058
34061
34105
34109
34110
34216
34256
34308
34348
34400
34529
34573
34574
34581
34613
34614
34621
34665
34705
34749
34754
34757
34788
34789
34794
34797
35081
35133
35165
35217
35409
35449
35501
35541
35579
35619
35645
35671
35777
35781
35817
35821
35869
35873
35892
35893
35895
35898
35909
35913
35921
35945
35947
35950
35961
35965
