1.143500000000000000e+04
1.210700000000000000e+04
1.277900000000000000e+04
1.546700000000000000e+04
1.681100000000000000e+04
1.748300000000000000e+04
3.764300000000000000e+04
3.831500000000000000e+04
3.898700000000000000e+04
3.965900000000000000e+04
4.234700000000000000e+04
4.369100000000000000e+04
4.436300000000000000e+04
4.043000000000000000e+03
8.747000000000000000e+03
9.419000000000000000e+03
3.092300000000000000e+04
3.562700000000000000e+04
3.629900000000000000e+04
6.586700000000000000e+04
3.371000000000000000e+03
2.957900000000000000e+04
6.519500000000000000e+04
1.143500000000000000e+04
4.637900000000000000e+04
4.043000000000000000e+03
1.345100000000000000e+04
1.412300000000000000e+04
1.479500000000000000e+04
3.898700000000000000e+04
4.906700000000000000e+04
4.973900000000000000e+04
5.041100000000000000e+04
6.586700000000000000e+04
5.387000000000000000e+03
6.059000000000000000e+03
6.731000000000000000e+03
4.100300000000000000e+04
4.167500000000000000e+04
6.721100000000000000e+04
6.788300000000000000e+04
6.855500000000000000e+04
3.361100000000000000e+04
5.981900000000000000e+04
6.049100000000000000e+04
1.479500000000000000e+04
1.546700000000000000e+04
1.613900000000000000e+04
1.748300000000000000e+04
1.815500000000000000e+04
2.084300000000000000e+04
2.151500000000000000e+04
2.285900000000000000e+04
2.353100000000000000e+04
2.420300000000000000e+04
2.487500000000000000e+04
4.167500000000000000e+04
4.772300000000000000e+04
4.839500000000000000e+04
4.973900000000000000e+04
5.041100000000000000e+04
5.108300000000000000e+04
6.731000000000000000e+03
1.277900000000000000e+04
1.345100000000000000e+04
1.412300000000000000e+04
1.479500000000000000e+04
1.546700000000000000e+04
1.613900000000000000e+04
1.681100000000000000e+04
1.748300000000000000e+04
1.815500000000000000e+04
2.621900000000000000e+04
3.361100000000000000e+04
3.965900000000000000e+04
4.167500000000000000e+04
4.234700000000000000e+04
4.301900000000000000e+04
6.855500000000000000e+04
4.715000000000000000e+03
2.487500000000000000e+04
5.981900000000000000e+04
6.653900000000000000e+04
1.681100000000000000e+04
5.175500000000000000e+04
8.747000000000000000e+03
4.369100000000000000e+04
4.503500000000000000e+04
4.570700000000000000e+04
4.705100000000000000e+04
4.234700000000000000e+04
6.830000000000000000e+02
1.355000000000000000e+03
2.699000000000000000e+03
3.371000000000000000e+03
4.043000000000000000e+03
2.823500000000000000e+04
3.293900000000000000e+04
3.428300000000000000e+04
3.562700000000000000e+04
3.629900000000000000e+04
3.831500000000000000e+04
3.898700000000000000e+04
5.511500000000000000e+04
5.981900000000000000e+04
6.116300000000000000e+04
6.250700000000000000e+04
6.317900000000000000e+04
6.452300000000000000e+04
6.519500000000000000e+04
6.586700000000000000e+04
2.487500000000000000e+04
3.025100000000000000e+04
3.092300000000000000e+04
3.159500000000000000e+04
3.428300000000000000e+04
5.175500000000000000e+04
5.309900000000000000e+04
5.645900000000000000e+04
5.713100000000000000e+04
5.780300000000000000e+04
2.218700000000000000e+04
2.285900000000000000e+04
2.487500000000000000e+04
4.839500000000000000e+04
4.906700000000000000e+04
4.973900000000000000e+04
5.041100000000000000e+04
1.479500000000000000e+04
1.882700000000000000e+04
2.151500000000000000e+04
2.218700000000000000e+04
4.100300000000000000e+04
4.167500000000000000e+04
4.839500000000000000e+04
1.210700000000000000e+04
2.353100000000000000e+04
2.554700000000000000e+04
3.898700000000000000e+04
5.847500000000000000e+04
5.914700000000000000e+04
1.100000000000000000e+01
2.699000000000000000e+03
4.043000000000000000e+03
2.151500000000000000e+04
2.689100000000000000e+04
2.957900000000000000e+04
3.092300000000000000e+04
6.183500000000000000e+04
6.452300000000000000e+04
6.586700000000000000e+04
6.731000000000000000e+03
7.403000000000000000e+03
1.143500000000000000e+04
1.277900000000000000e+04
1.345100000000000000e+04
1.412300000000000000e+04
1.479500000000000000e+04
1.546700000000000000e+04
1.613900000000000000e+04
1.681100000000000000e+04
1.748300000000000000e+04
1.815500000000000000e+04
1.882700000000000000e+04
2.151500000000000000e+04
4.167500000000000000e+04
4.234700000000000000e+04
4.301900000000000000e+04
4.369100000000000000e+04
4.436300000000000000e+04
4.503500000000000000e+04
4.637900000000000000e+04
4.772300000000000000e+04
4.839500000000000000e+04
4.906700000000000000e+04
4.973900000000000000e+04
5.041100000000000000e+04
5.108300000000000000e+04
5.175500000000000000e+04
5.242700000000000000e+04
5.309900000000000000e+04
5.377100000000000000e+04
5.645900000000000000e+04
6.116300000000000000e+04
6.855500000000000000e+04
6.922700000000000000e+04
4.715000000000000000e+03
5.387000000000000000e+03
6.059000000000000000e+03
6.731000000000000000e+03
7.403000000000000000e+03
8.075000000000000000e+03
8.747000000000000000e+03
9.419000000000000000e+03
1.009100000000000000e+04
1.613900000000000000e+04
1.748300000000000000e+04
1.815500000000000000e+04
1.882700000000000000e+04
1.949900000000000000e+04
3.293900000000000000e+04
3.361100000000000000e+04
3.428300000000000000e+04
3.495500000000000000e+04
3.629900000000000000e+04
3.697100000000000000e+04
3.831500000000000000e+04
3.965900000000000000e+04
4.033100000000000000e+04
4.100300000000000000e+04
4.167500000000000000e+04
4.234700000000000000e+04
4.301900000000000000e+04
4.369100000000000000e+04
4.436300000000000000e+04
4.503500000000000000e+04
4.570700000000000000e+04
4.839500000000000000e+04
4.973900000000000000e+04
5.041100000000000000e+04
5.108300000000000000e+04
5.175500000000000000e+04
5.309900000000000000e+04
5.981900000000000000e+04
6.049100000000000000e+04
6.653900000000000000e+04
6.721100000000000000e+04
6.788300000000000000e+04
6.855500000000000000e+04
6.922700000000000000e+04
7.403000000000000000e+03
8.075000000000000000e+03
9.419000000000000000e+03
1.009100000000000000e+04
1.143500000000000000e+04
2.487500000000000000e+04
2.554700000000000000e+04
2.621900000000000000e+04
2.689100000000000000e+04
2.823500000000000000e+04
2.890700000000000000e+04
3.159500000000000000e+04
3.226700000000000000e+04
3.293900000000000000e+04
3.361100000000000000e+04
3.428300000000000000e+04
3.495500000000000000e+04
3.562700000000000000e+04
3.629900000000000000e+04
3.697100000000000000e+04
4.167500000000000000e+04
4.234700000000000000e+04
4.301900000000000000e+04
4.369100000000000000e+04
4.503500000000000000e+04
5.175500000000000000e+04
5.242700000000000000e+04
5.847500000000000000e+04
6.922700000000000000e+04
1.681100000000000000e+04
1.748300000000000000e+04
1.815500000000000000e+04
1.882700000000000000e+04
2.353100000000000000e+04
2.420300000000000000e+04
2.487500000000000000e+04
2.554700000000000000e+04
3.428300000000000000e+04
3.495500000000000000e+04
3.562700000000000000e+04
3.697100000000000000e+04
4.369100000000000000e+04
1.009100000000000000e+04
1.076300000000000000e+04
1.546700000000000000e+04
3.562700000000000000e+04
2.027000000000000000e+03
2.699000000000000000e+03
7.403000000000000000e+03
8.075000000000000000e+03
1.613900000000000000e+04
2.084300000000000000e+04
6.385100000000000000e+04
6.452300000000000000e+04
6.922700000000000000e+04
1.100000000000000000e+01
8.075000000000000000e+03
1.009100000000000000e+04
6.116300000000000000e+04
6.183500000000000000e+04
5.309900000000000000e+04
8.747000000000000000e+03
9.419000000000000000e+03
1.009100000000000000e+04
1.076300000000000000e+04
1.143500000000000000e+04
1.210700000000000000e+04
1.345100000000000000e+04
1.412300000000000000e+04
1.479500000000000000e+04
1.882700000000000000e+04
4.369100000000000000e+04
4.503500000000000000e+04
4.705100000000000000e+04
4.906700000000000000e+04
4.973900000000000000e+04
6.830000000000000000e+02
1.355000000000000000e+03
2.027000000000000000e+03
2.699000000000000000e+03
3.371000000000000000e+03
5.387000000000000000e+03
6.059000000000000000e+03
6.731000000000000000e+03
1.009100000000000000e+04
3.159500000000000000e+04
3.226700000000000000e+04
3.293900000000000000e+04
3.361100000000000000e+04
3.562700000000000000e+04
3.697100000000000000e+04
3.831500000000000000e+04
3.898700000000000000e+04
3.965900000000000000e+04
4.033100000000000000e+04
4.100300000000000000e+04
4.167500000000000000e+04
4.234700000000000000e+04
4.369100000000000000e+04
4.503500000000000000e+04
5.847500000000000000e+04
5.914700000000000000e+04
5.981900000000000000e+04
6.049100000000000000e+04
6.250700000000000000e+04
6.317900000000000000e+04
6.385100000000000000e+04
6.452300000000000000e+04
6.519500000000000000e+04
6.721100000000000000e+04
6.788300000000000000e+04
6.855500000000000000e+04
1.355000000000000000e+03
2.027000000000000000e+03
2.699000000000000000e+03
2.487500000000000000e+04
2.554700000000000000e+04
2.756300000000000000e+04
2.957900000000000000e+04
3.025100000000000000e+04
3.092300000000000000e+04
3.293900000000000000e+04
3.361100000000000000e+04
3.428300000000000000e+04
3.495500000000000000e+04
3.562700000000000000e+04
3.629900000000000000e+04
3.697100000000000000e+04
3.764300000000000000e+04
3.831500000000000000e+04
4.033100000000000000e+04
4.100300000000000000e+04
5.108300000000000000e+04
5.175500000000000000e+04
5.242700000000000000e+04
5.444300000000000000e+04
5.645900000000000000e+04
5.713100000000000000e+04
5.780300000000000000e+04
5.914700000000000000e+04
5.981900000000000000e+04
6.049100000000000000e+04
6.116300000000000000e+04
6.317900000000000000e+04
6.385100000000000000e+04
6.452300000000000000e+04
2.151500000000000000e+04
2.285900000000000000e+04
2.487500000000000000e+04
2.554700000000000000e+04
2.621900000000000000e+04
2.756300000000000000e+04
2.890700000000000000e+04
2.957900000000000000e+04
3.025100000000000000e+04
3.226700000000000000e+04
3.293900000000000000e+04
4.839500000000000000e+04
4.973900000000000000e+04
5.108300000000000000e+04
5.175500000000000000e+04
5.242700000000000000e+04
5.444300000000000000e+04
5.578700000000000000e+04
5.645900000000000000e+04
5.713100000000000000e+04
5.914700000000000000e+04
7.403000000000000000e+03
8.075000000000000000e+03
9.419000000000000000e+03
2.151500000000000000e+04
2.285900000000000000e+04
3.629900000000000000e+04
4.839500000000000000e+04
4.973900000000000000e+04
6.922700000000000000e+04
1.100000000000000000e+01
1.355000000000000000e+03
2.027000000000000000e+03
5.387000000000000000e+03
7.403000000000000000e+03
8.075000000000000000e+03
8.747000000000000000e+03
1.076300000000000000e+04
1.345100000000000000e+04
2.823500000000000000e+04
2.890700000000000000e+04
3.226700000000000000e+04
3.428300000000000000e+04
3.495500000000000000e+04
3.764300000000000000e+04
4.033100000000000000e+04
6.049100000000000000e+04
6.116300000000000000e+04
6.183500000000000000e+04
6.317900000000000000e+04
6.385100000000000000e+04
6.721100000000000000e+04
6.922700000000000000e+04
1.100000000000000000e+01
2.699000000000000000e+03
5.387000000000000000e+03
7.403000000000000000e+03
1.748300000000000000e+04
2.420300000000000000e+04
2.621900000000000000e+04
2.957900000000000000e+04
3.226700000000000000e+04
3.428300000000000000e+04
5.242700000000000000e+04
5.309900000000000000e+04
5.377100000000000000e+04
5.444300000000000000e+04
5.511500000000000000e+04
5.578700000000000000e+04
5.914700000000000000e+04
6.116300000000000000e+04
6.183500000000000000e+04
6.452300000000000000e+04
6.721100000000000000e+04
6.922700000000000000e+04
1.100000000000000000e+01
6.830000000000000000e+02
9.419000000000000000e+03
1.613900000000000000e+04
1.815500000000000000e+04
1.882700000000000000e+04
2.151500000000000000e+04
2.420300000000000000e+04
2.554700000000000000e+04
2.621900000000000000e+04
2.689100000000000000e+04
4.436300000000000000e+04
4.503500000000000000e+04
4.570700000000000000e+04
4.637900000000000000e+04
4.705100000000000000e+04
4.772300000000000000e+04
5.108300000000000000e+04
5.309900000000000000e+04
5.377100000000000000e+04
5.444300000000000000e+04
5.645900000000000000e+04
5.914700000000000000e+04
6.049100000000000000e+04
6.116300000000000000e+04
6.183500000000000000e+04
6.250700000000000000e+04
1.355000000000000000e+03
8.075000000000000000e+03
1.009100000000000000e+04
1.076300000000000000e+04
1.143500000000000000e+04
1.210700000000000000e+04
1.277900000000000000e+04
1.345100000000000000e+04
1.613900000000000000e+04
1.748300000000000000e+04
1.882700000000000000e+04
2.017100000000000000e+04
2.084300000000000000e+04
3.629900000000000000e+04
3.697100000000000000e+04
3.764300000000000000e+04
3.898700000000000000e+04
3.965900000000000000e+04
4.301900000000000000e+04
4.503500000000000000e+04
4.570700000000000000e+04
4.637900000000000000e+04
4.705100000000000000e+04
4.772300000000000000e+04
4.839500000000000000e+04
5.108300000000000000e+04
5.242700000000000000e+04
5.377100000000000000e+04
5.444300000000000000e+04
5.578700000000000000e+04
6.317900000000000000e+04
1.100000000000000000e+01
1.355000000000000000e+03
2.027000000000000000e+03
2.699000000000000000e+03
9.419000000000000000e+03
1.009100000000000000e+04
1.076300000000000000e+04
1.210700000000000000e+04
1.277900000000000000e+04
2.756300000000000000e+04
2.823500000000000000e+04
2.890700000000000000e+04
2.957900000000000000e+04
3.495500000000000000e+04
3.629900000000000000e+04
3.697100000000000000e+04
3.764300000000000000e+04
3.831500000000000000e+04
3.898700000000000000e+04
4.301900000000000000e+04
4.436300000000000000e+04
4.503500000000000000e+04
4.570700000000000000e+04
4.637900000000000000e+04
4.772300000000000000e+04
6.183500000000000000e+04
6.317900000000000000e+04
6.385100000000000000e+04
6.452300000000000000e+04
1.355000000000000000e+03
2.027000000000000000e+03
2.699000000000000000e+03
6.059000000000000000e+03
2.084300000000000000e+04
2.151500000000000000e+04
2.689100000000000000e+04
2.890700000000000000e+04
2.957900000000000000e+04
3.025100000000000000e+04
3.495500000000000000e+04
3.629900000000000000e+04
3.697100000000000000e+04
3.764300000000000000e+04
3.831500000000000000e+04
6.317900000000000000e+04
6.385100000000000000e+04
6.452300000000000000e+04
6.788300000000000000e+04
1.277900000000000000e+04
1.345100000000000000e+04
1.882700000000000000e+04
2.689100000000000000e+04
2.823500000000000000e+04
2.957900000000000000e+04
3.025100000000000000e+04
5.511500000000000000e+04
5.645900000000000000e+04
3.371000000000000000e+03
4.715000000000000000e+03
5.387000000000000000e+03
1.076300000000000000e+04
1.882700000000000000e+04
2.017100000000000000e+04
2.151500000000000000e+04
2.218700000000000000e+04
4.570700000000000000e+04
6.519500000000000000e+04
6.653900000000000000e+04
6.721100000000000000e+04
2.699000000000000000e+03
1.076300000000000000e+04
1.210700000000000000e+04
1.345100000000000000e+04
1.412300000000000000e+04
2.218700000000000000e+04
5.847500000000000000e+04
5.914700000000000000e+04
6.452300000000000000e+04
4.436300000000000000e+04
1.100000000000000000e+01
6.830000000000000000e+02
1.355000000000000000e+03
2.027000000000000000e+03
3.361100000000000000e+04
3.428300000000000000e+04
3.495500000000000000e+04
3.562700000000000000e+04
3.629900000000000000e+04
3.697100000000000000e+04
6.049100000000000000e+04
6.116300000000000000e+04
6.183500000000000000e+04
6.250700000000000000e+04
6.317900000000000000e+04
6.385100000000000000e+04
1.100000000000000000e+01
6.830000000000000000e+02
1.355000000000000000e+03
4.715000000000000000e+03
5.387000000000000000e+03
6.059000000000000000e+03
3.025100000000000000e+04
3.226700000000000000e+04
3.562700000000000000e+04
3.629900000000000000e+04
3.697100000000000000e+04
3.965900000000000000e+04
4.033100000000000000e+04
4.100300000000000000e+04
5.713100000000000000e+04
5.780300000000000000e+04
5.914700000000000000e+04
6.183500000000000000e+04
6.250700000000000000e+04
6.317900000000000000e+04
6.653900000000000000e+04
6.721100000000000000e+04
6.788300000000000000e+04
1.815500000000000000e+04
1.882700000000000000e+04
2.420300000000000000e+04
2.554700000000000000e+04
2.756300000000000000e+04
2.823500000000000000e+04
2.890700000000000000e+04
2.957900000000000000e+04
3.025100000000000000e+04
3.092300000000000000e+04
3.159500000000000000e+04
3.226700000000000000e+04
3.293900000000000000e+04
3.428300000000000000e+04
3.495500000000000000e+04
3.562700000000000000e+04
4.503500000000000000e+04
5.108300000000000000e+04
5.242700000000000000e+04
5.377100000000000000e+04
5.444300000000000000e+04
5.511500000000000000e+04
5.578700000000000000e+04
5.713100000000000000e+04
5.780300000000000000e+04
5.847500000000000000e+04
5.914700000000000000e+04
5.981900000000000000e+04
6.116300000000000000e+04
1.949900000000000000e+04
2.017100000000000000e+04
2.084300000000000000e+04
2.218700000000000000e+04
2.353100000000000000e+04
2.420300000000000000e+04
2.487500000000000000e+04
2.621900000000000000e+04
2.689100000000000000e+04
2.756300000000000000e+04
4.570700000000000000e+04
4.637900000000000000e+04
4.705100000000000000e+04
4.772300000000000000e+04
4.906700000000000000e+04
5.041100000000000000e+04
5.108300000000000000e+04
5.175500000000000000e+04
5.309900000000000000e+04
5.377100000000000000e+04
3.371000000000000000e+03
4.043000000000000000e+03
4.715000000000000000e+03
1.210700000000000000e+04
1.277900000000000000e+04
1.345100000000000000e+04
1.681100000000000000e+04
2.957900000000000000e+04
3.025100000000000000e+04
3.092300000000000000e+04
3.159500000000000000e+04
3.831500000000000000e+04
3.898700000000000000e+04
3.965900000000000000e+04
4.033100000000000000e+04
4.369100000000000000e+04
6.519500000000000000e+04
6.586700000000000000e+04
6.653900000000000000e+04
2.084300000000000000e+04
2.151500000000000000e+04
2.218700000000000000e+04
2.285900000000000000e+04
2.353100000000000000e+04
5.578700000000000000e+04
5.645900000000000000e+04
5.713100000000000000e+04
5.780300000000000000e+04
5.847500000000000000e+04
1.277900000000000000e+04
1.345100000000000000e+04
1.412300000000000000e+04
4.772300000000000000e+04
4.839500000000000000e+04
4.906700000000000000e+04
5.309900000000000000e+04
6.059000000000000000e+03
6.731000000000000000e+03
7.403000000000000000e+03
8.075000000000000000e+03
8.747000000000000000e+03
1.143500000000000000e+04
1.345100000000000000e+04
3.428300000000000000e+04
4.167500000000000000e+04
4.234700000000000000e+04
4.301900000000000000e+04
4.369100000000000000e+04
4.637900000000000000e+04
4.839500000000000000e+04
4.906700000000000000e+04
6.116300000000000000e+04
6.788300000000000000e+04
6.855500000000000000e+04
6.922700000000000000e+04
3.371000000000000000e+03
4.043000000000000000e+03
2.353100000000000000e+04
2.420300000000000000e+04
3.831500000000000000e+04
3.898700000000000000e+04
5.041100000000000000e+04
6.519500000000000000e+04
6.586700000000000000e+04
1.681100000000000000e+04
1.748300000000000000e+04
1.815500000000000000e+04
1.882700000000000000e+04
1.949900000000000000e+04
2.218700000000000000e+04
2.353100000000000000e+04
2.420300000000000000e+04
2.487500000000000000e+04
2.554700000000000000e+04
2.621900000000000000e+04
2.689100000000000000e+04
2.756300000000000000e+04
3.025100000000000000e+04
3.226700000000000000e+04
3.293900000000000000e+04
4.301900000000000000e+04
4.369100000000000000e+04
4.436300000000000000e+04
4.503500000000000000e+04
4.570700000000000000e+04
4.637900000000000000e+04
4.906700000000000000e+04
5.041100000000000000e+04
5.108300000000000000e+04
5.175500000000000000e+04
5.242700000000000000e+04
5.309900000000000000e+04
5.377100000000000000e+04
5.444300000000000000e+04
5.713100000000000000e+04
5.914700000000000000e+04
1.009100000000000000e+04
1.748300000000000000e+04
1.815500000000000000e+04
1.882700000000000000e+04
2.218700000000000000e+04
3.697100000000000000e+04
4.369100000000000000e+04
4.436300000000000000e+04
4.503500000000000000e+04
4.570700000000000000e+04
4.906700000000000000e+04
2.027000000000000000e+03
2.890700000000000000e+04
6.385100000000000000e+04
9.419000000000000000e+03
1.009100000000000000e+04
4.436300000000000000e+04
4.503500000000000000e+04
4.570700000000000000e+04
1.355000000000000000e+03
3.629900000000000000e+04
3.697100000000000000e+04
3.764300000000000000e+04
4.234700000000000000e+04
6.317900000000000000e+04
1.100000000000000000e+01
6.830000000000000000e+02
1.355000000000000000e+03
2.027000000000000000e+03
2.699000000000000000e+03
4.715000000000000000e+03
5.387000000000000000e+03
6.059000000000000000e+03
6.731000000000000000e+03
7.403000000000000000e+03
2.890700000000000000e+04
2.957900000000000000e+04
3.025100000000000000e+04
3.092300000000000000e+04
3.159500000000000000e+04
3.226700000000000000e+04
3.293900000000000000e+04
3.361100000000000000e+04
3.428300000000000000e+04
3.495500000000000000e+04
3.562700000000000000e+04
3.629900000000000000e+04
3.697100000000000000e+04
3.764300000000000000e+04
3.831500000000000000e+04
3.898700000000000000e+04
3.965900000000000000e+04
4.100300000000000000e+04
4.234700000000000000e+04
5.914700000000000000e+04
5.981900000000000000e+04
6.049100000000000000e+04
6.116300000000000000e+04
6.183500000000000000e+04
6.250700000000000000e+04
6.317900000000000000e+04
6.385100000000000000e+04
6.452300000000000000e+04
6.653900000000000000e+04
6.721100000000000000e+04
6.788300000000000000e+04
6.855500000000000000e+04
6.922700000000000000e+04
2.084300000000000000e+04
2.151500000000000000e+04
2.218700000000000000e+04
2.285900000000000000e+04
2.353100000000000000e+04
2.756300000000000000e+04
2.823500000000000000e+04
2.890700000000000000e+04
2.957900000000000000e+04
3.025100000000000000e+04
4.772300000000000000e+04
4.839500000000000000e+04
4.906700000000000000e+04
4.973900000000000000e+04
5.041100000000000000e+04
5.444300000000000000e+04
5.511500000000000000e+04
5.578700000000000000e+04
1.277900000000000000e+04
1.345100000000000000e+04
2.756300000000000000e+04
2.823500000000000000e+04
3.965900000000000000e+04
5.444300000000000000e+04
5.511500000000000000e+04
7.403000000000000000e+03
1.479500000000000000e+04
1.613900000000000000e+04
1.949900000000000000e+04
3.428300000000000000e+04
4.100300000000000000e+04
4.167500000000000000e+04
4.301900000000000000e+04
4.637900000000000000e+04
6.922700000000000000e+04
1.479500000000000000e+04
1.546700000000000000e+04
4.973900000000000000e+04
5.041100000000000000e+04
5.108300000000000000e+04
6.731000000000000000e+03
7.403000000000000000e+03
1.949900000000000000e+04
2.017100000000000000e+04
2.084300000000000000e+04
4.167500000000000000e+04
4.234700000000000000e+04
4.301900000000000000e+04
4.369100000000000000e+04
4.436300000000000000e+04
5.578700000000000000e+04
6.855500000000000000e+04
6.922700000000000000e+04
1.100000000000000000e+01
6.830000000000000000e+02
1.355000000000000000e+03
2.027000000000000000e+03
3.371000000000000000e+03
4.715000000000000000e+03
5.387000000000000000e+03
6.059000000000000000e+03
6.731000000000000000e+03
7.403000000000000000e+03
8.075000000000000000e+03
8.747000000000000000e+03
9.419000000000000000e+03
1.009100000000000000e+04
1.076300000000000000e+04
1.143500000000000000e+04
1.210700000000000000e+04
1.277900000000000000e+04
1.345100000000000000e+04
1.882700000000000000e+04
1.949900000000000000e+04
3.428300000000000000e+04
3.495500000000000000e+04
3.562700000000000000e+04
3.629900000000000000e+04
3.697100000000000000e+04
3.831500000000000000e+04
3.965900000000000000e+04
4.033100000000000000e+04
4.100300000000000000e+04
4.167500000000000000e+04
4.234700000000000000e+04
4.301900000000000000e+04
4.369100000000000000e+04
4.436300000000000000e+04
4.503500000000000000e+04
4.570700000000000000e+04
4.637900000000000000e+04
4.705100000000000000e+04
4.772300000000000000e+04
4.839500000000000000e+04
6.116300000000000000e+04
6.183500000000000000e+04
6.250700000000000000e+04
6.317900000000000000e+04
6.385100000000000000e+04
6.519500000000000000e+04
6.653900000000000000e+04
6.721100000000000000e+04
6.788300000000000000e+04
6.855500000000000000e+04
6.922700000000000000e+04
7.403000000000000000e+03
2.756300000000000000e+04
2.823500000000000000e+04
3.831500000000000000e+04
4.234700000000000000e+04
5.377100000000000000e+04
5.444300000000000000e+04
5.511500000000000000e+04
6.922700000000000000e+04
1.949900000000000000e+04
2.554700000000000000e+04
4.570700000000000000e+04
4.637900000000000000e+04
1.277900000000000000e+04
3.965900000000000000e+04
2.027000000000000000e+03
2.699000000000000000e+03
6.385100000000000000e+04
6.452300000000000000e+04
5.578700000000000000e+04
5.645900000000000000e+04
5.713100000000000000e+04
1.143500000000000000e+04
1.210700000000000000e+04
4.637900000000000000e+04
4.705100000000000000e+04
4.906700000000000000e+04
3.371000000000000000e+03
4.043000000000000000e+03
3.831500000000000000e+04
3.898700000000000000e+04
3.965900000000000000e+04
4.033100000000000000e+04
4.100300000000000000e+04
6.519500000000000000e+04
6.586700000000000000e+04
7.403000000000000000e+03
3.092300000000000000e+04
3.159500000000000000e+04
3.226700000000000000e+04
3.293900000000000000e+04
3.965900000000000000e+04
4.033100000000000000e+04
4.234700000000000000e+04
4.301900000000000000e+04
5.780300000000000000e+04
6.922700000000000000e+04
1.100000000000000000e+01
6.830000000000000000e+02
2.027000000000000000e+03
2.353100000000000000e+04
2.420300000000000000e+04
2.487500000000000000e+04
2.554700000000000000e+04
2.756300000000000000e+04
2.823500000000000000e+04
2.890700000000000000e+04
2.957900000000000000e+04
3.159500000000000000e+04
3.226700000000000000e+04
3.293900000000000000e+04
3.562700000000000000e+04
3.697100000000000000e+04
5.041100000000000000e+04
5.444300000000000000e+04
5.511500000000000000e+04
5.578700000000000000e+04
5.645900000000000000e+04
5.847500000000000000e+04
5.914700000000000000e+04
6.116300000000000000e+04
6.183500000000000000e+04
6.250700000000000000e+04
6.385100000000000000e+04
1.546700000000000000e+04
1.613900000000000000e+04
1.681100000000000000e+04
1.748300000000000000e+04
1.815500000000000000e+04
2.554700000000000000e+04
2.621900000000000000e+04
2.689100000000000000e+04
2.756300000000000000e+04
3.226700000000000000e+04
3.293900000000000000e+04
4.234700000000000000e+04
4.301900000000000000e+04
4.369100000000000000e+04
4.436300000000000000e+04
5.175500000000000000e+04
5.242700000000000000e+04
5.309900000000000000e+04
5.377100000000000000e+04
5.444300000000000000e+04
5.914700000000000000e+04
8.747000000000000000e+03
9.419000000000000000e+03
1.143500000000000000e+04
1.949900000000000000e+04
2.017100000000000000e+04
2.084300000000000000e+04
2.285900000000000000e+04
2.353100000000000000e+04
3.495500000000000000e+04
3.562700000000000000e+04
3.629900000000000000e+04
3.831500000000000000e+04
4.637900000000000000e+04
4.772300000000000000e+04
4.973900000000000000e+04
5.041100000000000000e+04
5.444300000000000000e+04
6.059000000000000000e+03
6.788300000000000000e+04
1.815500000000000000e+04
5.309900000000000000e+04
5.377100000000000000e+04
5.444300000000000000e+04
9.419000000000000000e+03
1.009100000000000000e+04
2.218700000000000000e+04
2.353100000000000000e+04
4.436300000000000000e+04
4.503500000000000000e+04
4.570700000000000000e+04
4.637900000000000000e+04
5.041100000000000000e+04
5.444300000000000000e+04
5.578700000000000000e+04
5.713100000000000000e+04
5.847500000000000000e+04
1.355000000000000000e+03
2.027000000000000000e+03
6.059000000000000000e+03
3.629900000000000000e+04
3.697100000000000000e+04
3.764300000000000000e+04
3.831500000000000000e+04
4.100300000000000000e+04
6.317900000000000000e+04
6.385100000000000000e+04
6.788300000000000000e+04
6.830000000000000000e+02
1.355000000000000000e+03
2.699000000000000000e+03
4.715000000000000000e+03
5.387000000000000000e+03
6.059000000000000000e+03
7.403000000000000000e+03
8.075000000000000000e+03
1.412300000000000000e+04
2.823500000000000000e+04
2.890700000000000000e+04
2.957900000000000000e+04
3.025100000000000000e+04
3.092300000000000000e+04
3.629900000000000000e+04
3.697100000000000000e+04
3.764300000000000000e+04
3.831500000000000000e+04
3.898700000000000000e+04
3.965900000000000000e+04
4.033100000000000000e+04
4.167500000000000000e+04
4.234700000000000000e+04
4.301900000000000000e+04
5.511500000000000000e+04
5.578700000000000000e+04
5.645900000000000000e+04
5.713100000000000000e+04
5.780300000000000000e+04
6.250700000000000000e+04
6.317900000000000000e+04
6.452300000000000000e+04
6.653900000000000000e+04
6.721100000000000000e+04
6.788300000000000000e+04
6.922700000000000000e+04
1.100000000000000000e+01
6.059000000000000000e+03
2.084300000000000000e+04
2.151500000000000000e+04
2.218700000000000000e+04
2.285900000000000000e+04
2.353100000000000000e+04
2.621900000000000000e+04
2.823500000000000000e+04
2.890700000000000000e+04
2.957900000000000000e+04
3.025100000000000000e+04
3.159500000000000000e+04
3.226700000000000000e+04
3.293900000000000000e+04
3.495500000000000000e+04
4.772300000000000000e+04
4.839500000000000000e+04
4.906700000000000000e+04
4.973900000000000000e+04
5.309900000000000000e+04
5.511500000000000000e+04
5.578700000000000000e+04
5.645900000000000000e+04
5.713100000000000000e+04
5.780300000000000000e+04
5.847500000000000000e+04
5.914700000000000000e+04
5.981900000000000000e+04
6.183500000000000000e+04
6.788300000000000000e+04
1.277900000000000000e+04
1.345100000000000000e+04
1.479500000000000000e+04
1.546700000000000000e+04
2.017100000000000000e+04
2.218700000000000000e+04
2.285900000000000000e+04
2.353100000000000000e+04
2.420300000000000000e+04
2.487500000000000000e+04
2.756300000000000000e+04
2.957900000000000000e+04
3.025100000000000000e+04
3.965900000000000000e+04
4.167500000000000000e+04
4.234700000000000000e+04
4.705100000000000000e+04
4.839500000000000000e+04
4.906700000000000000e+04
4.973900000000000000e+04
5.041100000000000000e+04
5.108300000000000000e+04
5.175500000000000000e+04
5.444300000000000000e+04
5.511500000000000000e+04
5.645900000000000000e+04
4.715000000000000000e+03
5.387000000000000000e+03
6.731000000000000000e+03
7.403000000000000000e+03
1.009100000000000000e+04
1.210700000000000000e+04
1.412300000000000000e+04
1.479500000000000000e+04
1.546700000000000000e+04
1.681100000000000000e+04
1.949900000000000000e+04
3.159500000000000000e+04
3.361100000000000000e+04
3.428300000000000000e+04
3.697100000000000000e+04
3.898700000000000000e+04
4.033100000000000000e+04
4.100300000000000000e+04
4.167500000000000000e+04
4.234700000000000000e+04
4.369100000000000000e+04
4.637900000000000000e+04
6.653900000000000000e+04
6.721100000000000000e+04
6.855500000000000000e+04
6.922700000000000000e+04
5.847500000000000000e+04
5.914700000000000000e+04
1.613900000000000000e+04
1.681100000000000000e+04
5.041100000000000000e+04
5.108300000000000000e+04
5.175500000000000000e+04
5.242700000000000000e+04
7.403000000000000000e+03
8.075000000000000000e+03
8.747000000000000000e+03
1.143500000000000000e+04
1.277900000000000000e+04
1.949900000000000000e+04
2.084300000000000000e+04
2.353100000000000000e+04
4.234700000000000000e+04
4.301900000000000000e+04
4.369100000000000000e+04
4.436300000000000000e+04
4.637900000000000000e+04
4.705100000000000000e+04
4.772300000000000000e+04
4.973900000000000000e+04
5.242700000000000000e+04
5.309900000000000000e+04
5.444300000000000000e+04
5.578700000000000000e+04
5.847500000000000000e+04
6.922700000000000000e+04
1.100000000000000000e+01
6.830000000000000000e+02
3.371000000000000000e+03
4.043000000000000000e+03
4.715000000000000000e+03
5.387000000000000000e+03
6.059000000000000000e+03
6.731000000000000000e+03
7.403000000000000000e+03
8.075000000000000000e+03
8.747000000000000000e+03
9.419000000000000000e+03
1.009100000000000000e+04
1.076300000000000000e+04
1.143500000000000000e+04
1.210700000000000000e+04
1.277900000000000000e+04
1.412300000000000000e+04
1.546700000000000000e+04
1.748300000000000000e+04
1.815500000000000000e+04
1.882700000000000000e+04
1.949900000000000000e+04
3.428300000000000000e+04
3.495500000000000000e+04
3.562700000000000000e+04
3.629900000000000000e+04
3.697100000000000000e+04
3.831500000000000000e+04
3.898700000000000000e+04
3.965900000000000000e+04
4.033100000000000000e+04
4.100300000000000000e+04
4.167500000000000000e+04
4.234700000000000000e+04
4.301900000000000000e+04
4.369100000000000000e+04
4.436300000000000000e+04
4.503500000000000000e+04
4.570700000000000000e+04
4.637900000000000000e+04
4.705100000000000000e+04
4.772300000000000000e+04
4.906700000000000000e+04
5.041100000000000000e+04
5.108300000000000000e+04
5.175500000000000000e+04
5.309900000000000000e+04
6.116300000000000000e+04
6.183500000000000000e+04
6.250700000000000000e+04
6.519500000000000000e+04
6.586700000000000000e+04
6.653900000000000000e+04
6.721100000000000000e+04
6.788300000000000000e+04
6.855500000000000000e+04
6.922700000000000000e+04
1.100000000000000000e+01
6.830000000000000000e+02
1.355000000000000000e+03
2.027000000000000000e+03
3.371000000000000000e+03
4.715000000000000000e+03
2.554700000000000000e+04
2.621900000000000000e+04
2.689100000000000000e+04
2.756300000000000000e+04
2.823500000000000000e+04
3.025100000000000000e+04
3.159500000000000000e+04
3.226700000000000000e+04
3.293900000000000000e+04
3.361100000000000000e+04
3.428300000000000000e+04
3.495500000000000000e+04
3.562700000000000000e+04
3.629900000000000000e+04
3.697100000000000000e+04
3.764300000000000000e+04
3.831500000000000000e+04
3.965900000000000000e+04
5.242700000000000000e+04
5.309900000000000000e+04
5.377100000000000000e+04
5.444300000000000000e+04
5.511500000000000000e+04
5.713100000000000000e+04
5.847500000000000000e+04
5.914700000000000000e+04
5.981900000000000000e+04
6.049100000000000000e+04
6.183500000000000000e+04
6.250700000000000000e+04
6.317900000000000000e+04
6.385100000000000000e+04
6.519500000000000000e+04
6.653900000000000000e+04
1.100000000000000000e+01
2.699000000000000000e+03
3.371000000000000000e+03
1.815500000000000000e+04
1.882700000000000000e+04
1.949900000000000000e+04
2.017100000000000000e+04
2.084300000000000000e+04
2.353100000000000000e+04
2.420300000000000000e+04
2.487500000000000000e+04
2.554700000000000000e+04
2.621900000000000000e+04
2.689100000000000000e+04
2.756300000000000000e+04
2.823500000000000000e+04
2.890700000000000000e+04
2.957900000000000000e+04
3.025100000000000000e+04
3.092300000000000000e+04
3.226700000000000000e+04
3.428300000000000000e+04
3.495500000000000000e+04
3.562700000000000000e+04
4.503500000000000000e+04
4.570700000000000000e+04
4.637900000000000000e+04
4.705100000000000000e+04
4.772300000000000000e+04
5.041100000000000000e+04
5.108300000000000000e+04
5.175500000000000000e+04
5.242700000000000000e+04
5.309900000000000000e+04
5.377100000000000000e+04
5.578700000000000000e+04
5.645900000000000000e+04
5.713100000000000000e+04
5.780300000000000000e+04
5.914700000000000000e+04
5.981900000000000000e+04
6.116300000000000000e+04
6.183500000000000000e+04
6.452300000000000000e+04
6.519500000000000000e+04
1.009100000000000000e+04
1.076300000000000000e+04
1.143500000000000000e+04
1.210700000000000000e+04
1.277900000000000000e+04
1.748300000000000000e+04
1.815500000000000000e+04
1.882700000000000000e+04
1.949900000000000000e+04
2.017100000000000000e+04
2.084300000000000000e+04
2.151500000000000000e+04
2.218700000000000000e+04
2.420300000000000000e+04
2.487500000000000000e+04
2.554700000000000000e+04
2.689100000000000000e+04
2.756300000000000000e+04
3.697100000000000000e+04
3.764300000000000000e+04
3.831500000000000000e+04
3.898700000000000000e+04
3.965900000000000000e+04
4.436300000000000000e+04
4.503500000000000000e+04
4.570700000000000000e+04
4.637900000000000000e+04
4.705100000000000000e+04
4.772300000000000000e+04
4.839500000000000000e+04
4.906700000000000000e+04
5.108300000000000000e+04
5.175500000000000000e+04
5.242700000000000000e+04
5.377100000000000000e+04
5.713100000000000000e+04
2.027000000000000000e+03
2.699000000000000000e+03
3.371000000000000000e+03
4.043000000000000000e+03
4.715000000000000000e+03
7.403000000000000000e+03
8.075000000000000000e+03
9.419000000000000000e+03
1.009100000000000000e+04
1.076300000000000000e+04
1.143500000000000000e+04
1.210700000000000000e+04
1.277900000000000000e+04
1.345100000000000000e+04
1.412300000000000000e+04
1.546700000000000000e+04
1.681100000000000000e+04
1.748300000000000000e+04
1.882700000000000000e+04
1.949900000000000000e+04
2.890700000000000000e+04
2.957900000000000000e+04
3.025100000000000000e+04
3.092300000000000000e+04
3.159500000000000000e+04
3.428300000000000000e+04
3.495500000000000000e+04
3.629900000000000000e+04
3.697100000000000000e+04
3.764300000000000000e+04
3.831500000000000000e+04
3.898700000000000000e+04
3.965900000000000000e+04
4.033100000000000000e+04
4.100300000000000000e+04
4.234700000000000000e+04
4.369100000000000000e+04
4.436300000000000000e+04
4.570700000000000000e+04
6.385100000000000000e+04
6.452300000000000000e+04
6.519500000000000000e+04
6.586700000000000000e+04
6.653900000000000000e+04
6.922700000000000000e+04
1.355000000000000000e+03
3.371000000000000000e+03
4.043000000000000000e+03
4.715000000000000000e+03
5.387000000000000000e+03
6.059000000000000000e+03
8.747000000000000000e+03
9.419000000000000000e+03
2.084300000000000000e+04
2.285900000000000000e+04
2.353100000000000000e+04
2.823500000000000000e+04
2.957900000000000000e+04
3.025100000000000000e+04
3.092300000000000000e+04
3.159500000000000000e+04
3.226700000000000000e+04
3.293900000000000000e+04
3.562700000000000000e+04
3.629900000000000000e+04
5.578700000000000000e+04
5.645900000000000000e+04
5.780300000000000000e+04
5.847500000000000000e+04
6.317900000000000000e+04
6.519500000000000000e+04
6.586700000000000000e+04
6.653900000000000000e+04
6.721100000000000000e+04
6.788300000000000000e+04
1.345100000000000000e+04
1.412300000000000000e+04
1.479500000000000000e+04
1.546700000000000000e+04
2.487500000000000000e+04
4.906700000000000000e+04
4.973900000000000000e+04
5.041100000000000000e+04
5.981900000000000000e+04
5.387000000000000000e+03
6.059000000000000000e+03
6.731000000000000000e+03
7.403000000000000000e+03
1.681100000000000000e+04
4.100300000000000000e+04
4.167500000000000000e+04
4.234700000000000000e+04
5.175500000000000000e+04
6.721100000000000000e+04
6.788300000000000000e+04
6.855500000000000000e+04
6.922700000000000000e+04
3.159500000000000000e+04
3.226700000000000000e+04
3.562700000000000000e+04
3.697100000000000000e+04
3.831500000000000000e+04
4.167500000000000000e+04
5.847500000000000000e+04
6.830000000000000000e+02
2.027000000000000000e+03
2.353100000000000000e+04
2.420300000000000000e+04
2.487500000000000000e+04
2.554700000000000000e+04
2.621900000000000000e+04
2.756300000000000000e+04
2.890700000000000000e+04
3.025100000000000000e+04
3.092300000000000000e+04
3.361100000000000000e+04
3.428300000000000000e+04
3.562700000000000000e+04
3.697100000000000000e+04
3.831500000000000000e+04
5.041100000000000000e+04
5.108300000000000000e+04
5.175500000000000000e+04
5.242700000000000000e+04
5.444300000000000000e+04
5.578700000000000000e+04
5.780300000000000000e+04
5.981900000000000000e+04
6.049100000000000000e+04
6.116300000000000000e+04
6.250700000000000000e+04
6.385100000000000000e+04
1.100000000000000000e+01
6.830000000000000000e+02
1.546700000000000000e+04
1.613900000000000000e+04
1.681100000000000000e+04
1.748300000000000000e+04
1.815500000000000000e+04
1.949900000000000000e+04
2.017100000000000000e+04
2.084300000000000000e+04
2.151500000000000000e+04
2.218700000000000000e+04
2.285900000000000000e+04
2.353100000000000000e+04
2.420300000000000000e+04
2.487500000000000000e+04
2.554700000000000000e+04
2.621900000000000000e+04
2.689100000000000000e+04
2.756300000000000000e+04
2.823500000000000000e+04
2.890700000000000000e+04
2.957900000000000000e+04
3.025100000000000000e+04
3.092300000000000000e+04
3.159500000000000000e+04
3.226700000000000000e+04
3.293900000000000000e+04
3.428300000000000000e+04
4.234700000000000000e+04
4.301900000000000000e+04
4.369100000000000000e+04
4.436300000000000000e+04
4.503500000000000000e+04
4.637900000000000000e+04
4.705100000000000000e+04
4.772300000000000000e+04
4.839500000000000000e+04
4.906700000000000000e+04
4.973900000000000000e+04
5.041100000000000000e+04
5.108300000000000000e+04
5.175500000000000000e+04
5.242700000000000000e+04
5.309900000000000000e+04
5.377100000000000000e+04
5.444300000000000000e+04
5.511500000000000000e+04
5.578700000000000000e+04
5.645900000000000000e+04
5.713100000000000000e+04
5.780300000000000000e+04
5.847500000000000000e+04
5.914700000000000000e+04
6.049100000000000000e+04
6.116300000000000000e+04
6.183500000000000000e+04
6.250700000000000000e+04
7.403000000000000000e+03
8.075000000000000000e+03
8.747000000000000000e+03
9.419000000000000000e+03
1.009100000000000000e+04
1.143500000000000000e+04
1.210700000000000000e+04
1.277900000000000000e+04
1.345100000000000000e+04
1.412300000000000000e+04
1.479500000000000000e+04
1.546700000000000000e+04
1.613900000000000000e+04
1.681100000000000000e+04
1.748300000000000000e+04
1.815500000000000000e+04
1.882700000000000000e+04
1.949900000000000000e+04
2.017100000000000000e+04
2.084300000000000000e+04
2.151500000000000000e+04
2.218700000000000000e+04
2.285900000000000000e+04
2.353100000000000000e+04
2.420300000000000000e+04
2.487500000000000000e+04
2.621900000000000000e+04
3.428300000000000000e+04
3.495500000000000000e+04
3.562700000000000000e+04
3.629900000000000000e+04
3.697100000000000000e+04
3.831500000000000000e+04
3.898700000000000000e+04
3.965900000000000000e+04
4.033100000000000000e+04
4.100300000000000000e+04
4.167500000000000000e+04
4.234700000000000000e+04
4.301900000000000000e+04
4.369100000000000000e+04
4.436300000000000000e+04
4.503500000000000000e+04
4.570700000000000000e+04
4.637900000000000000e+04
4.705100000000000000e+04
4.772300000000000000e+04
4.839500000000000000e+04
4.906700000000000000e+04
4.973900000000000000e+04
5.041100000000000000e+04
5.108300000000000000e+04
5.242700000000000000e+04
5.309900000000000000e+04
5.377100000000000000e+04
5.444300000000000000e+04
6.922700000000000000e+04
1.100000000000000000e+01
6.830000000000000000e+02
1.355000000000000000e+03
2.027000000000000000e+03
3.371000000000000000e+03
4.043000000000000000e+03
4.715000000000000000e+03
5.387000000000000000e+03
6.059000000000000000e+03
6.731000000000000000e+03
7.403000000000000000e+03
8.075000000000000000e+03
8.747000000000000000e+03
9.419000000000000000e+03
1.009100000000000000e+04
1.076300000000000000e+04
1.143500000000000000e+04
1.210700000000000000e+04
1.277900000000000000e+04
1.345100000000000000e+04
1.412300000000000000e+04
1.479500000000000000e+04
1.546700000000000000e+04
1.613900000000000000e+04
1.681100000000000000e+04
1.815500000000000000e+04
2.554700000000000000e+04
2.621900000000000000e+04
2.689100000000000000e+04
2.756300000000000000e+04
2.823500000000000000e+04
2.890700000000000000e+04
3.025100000000000000e+04
3.092300000000000000e+04
3.159500000000000000e+04
3.226700000000000000e+04
3.293900000000000000e+04
3.361100000000000000e+04
3.428300000000000000e+04
3.495500000000000000e+04
3.562700000000000000e+04
3.629900000000000000e+04
3.697100000000000000e+04
3.764300000000000000e+04
3.831500000000000000e+04
3.898700000000000000e+04
3.965900000000000000e+04
4.033100000000000000e+04
4.100300000000000000e+04
4.234700000000000000e+04
4.301900000000000000e+04
4.436300000000000000e+04
4.503500000000000000e+04
4.570700000000000000e+04
4.637900000000000000e+04
6.049100000000000000e+04
6.116300000000000000e+04
6.183500000000000000e+04
6.250700000000000000e+04
6.317900000000000000e+04
6.385100000000000000e+04
6.519500000000000000e+04
6.586700000000000000e+04
6.653900000000000000e+04
6.721100000000000000e+04
6.788300000000000000e+04
6.855500000000000000e+04
6.922700000000000000e+04
1.100000000000000000e+01
6.830000000000000000e+02
1.355000000000000000e+03
2.027000000000000000e+03
2.699000000000000000e+03
3.371000000000000000e+03
4.043000000000000000e+03
5.387000000000000000e+03
6.059000000000000000e+03
6.731000000000000000e+03
8.075000000000000000e+03
8.747000000000000000e+03
1.815500000000000000e+04
1.882700000000000000e+04
1.949900000000000000e+04
2.017100000000000000e+04
5.175500000000000000e+04
2.353100000000000000e+04
2.420300000000000000e+04
2.487500000000000000e+04
2.554700000000000000e+04
2.621900000000000000e+04
2.689100000000000000e+04
2.756300000000000000e+04
2.823500000000000000e+04
2.890700000000000000e+04
2.957900000000000000e+04
3.025100000000000000e+04
3.092300000000000000e+04
3.226700000000000000e+04
3.293900000000000000e+04
3.361100000000000000e+04
3.495500000000000000e+04
3.764300000000000000e+04
3.831500000000000000e+04
5.309900000000000000e+04
5.377100000000000000e+04
5.444300000000000000e+04
5.511500000000000000e+04
5.578700000000000000e+04
5.847500000000000000e+04
5.914700000000000000e+04
5.981900000000000000e+04
6.049100000000000000e+04
6.116300000000000000e+04
6.183500000000000000e+04
6.250700000000000000e+04
6.317900000000000000e+04
6.385100000000000000e+04
6.452300000000000000e+04
6.519500000000000000e+04
6.586700000000000000e+04
6.721100000000000000e+04
6.788300000000000000e+04
6.855500000000000000e+04
1.100000000000000000e+01
6.830000000000000000e+02
1.009100000000000000e+04
1.076300000000000000e+04
1.143500000000000000e+04
1.210700000000000000e+04
1.277900000000000000e+04
1.546700000000000000e+04
1.613900000000000000e+04
1.748300000000000000e+04
1.815500000000000000e+04
1.882700000000000000e+04
1.949900000000000000e+04
2.017100000000000000e+04
2.084300000000000000e+04
2.151500000000000000e+04
2.218700000000000000e+04
2.420300000000000000e+04
2.487500000000000000e+04
2.554700000000000000e+04
2.689100000000000000e+04
3.025100000000000000e+04
4.503500000000000000e+04
4.570700000000000000e+04
4.637900000000000000e+04
4.705100000000000000e+04
4.772300000000000000e+04
5.041100000000000000e+04
5.108300000000000000e+04
5.242700000000000000e+04
5.309900000000000000e+04
5.377100000000000000e+04
5.444300000000000000e+04
5.511500000000000000e+04
5.578700000000000000e+04
5.645900000000000000e+04
5.713100000000000000e+04
5.914700000000000000e+04
5.981900000000000000e+04
6.049100000000000000e+04
6.183500000000000000e+04
6.250700000000000000e+04
2.027000000000000000e+03
2.699000000000000000e+03
3.371000000000000000e+03
4.043000000000000000e+03
4.715000000000000000e+03
7.403000000000000000e+03
8.075000000000000000e+03
9.419000000000000000e+03
1.009100000000000000e+04
1.076300000000000000e+04
1.143500000000000000e+04
1.210700000000000000e+04
1.277900000000000000e+04
1.345100000000000000e+04
1.412300000000000000e+04
1.546700000000000000e+04
1.613900000000000000e+04
1.681100000000000000e+04
1.748300000000000000e+04
1.815500000000000000e+04
1.882700000000000000e+04
2.017100000000000000e+04
2.084300000000000000e+04
2.218700000000000000e+04
3.697100000000000000e+04
3.764300000000000000e+04
3.831500000000000000e+04
3.898700000000000000e+04
3.965900000000000000e+04
4.234700000000000000e+04
4.301900000000000000e+04
4.436300000000000000e+04
4.503500000000000000e+04
4.570700000000000000e+04
4.637900000000000000e+04
4.705100000000000000e+04
4.772300000000000000e+04
4.839500000000000000e+04
4.906700000000000000e+04
5.041100000000000000e+04
5.108300000000000000e+04
5.175500000000000000e+04
5.242700000000000000e+04
5.309900000000000000e+04
5.377100000000000000e+04
5.444300000000000000e+04
5.578700000000000000e+04
6.385100000000000000e+04
6.452300000000000000e+04
6.519500000000000000e+04
6.586700000000000000e+04
6.653900000000000000e+04
6.922700000000000000e+04
1.355000000000000000e+03
2.699000000000000000e+03
3.371000000000000000e+03
4.043000000000000000e+03
4.715000000000000000e+03
5.387000000000000000e+03
6.059000000000000000e+03
7.403000000000000000e+03
8.747000000000000000e+03
9.419000000000000000e+03
1.076300000000000000e+04
2.890700000000000000e+04
2.957900000000000000e+04
3.025100000000000000e+04
3.092300000000000000e+04
3.159500000000000000e+04
3.629900000000000000e+04
3.831500000000000000e+04
3.898700000000000000e+04
3.965900000000000000e+04
4.033100000000000000e+04
4.100300000000000000e+04
4.234700000000000000e+04
4.369100000000000000e+04
4.436300000000000000e+04
4.570700000000000000e+04
4.637900000000000000e+04
5.578700000000000000e+04
5.645900000000000000e+04
5.713100000000000000e+04
5.780300000000000000e+04
5.847500000000000000e+04
6.317900000000000000e+04
6.452300000000000000e+04
6.519500000000000000e+04
6.586700000000000000e+04
6.653900000000000000e+04
6.721100000000000000e+04
6.788300000000000000e+04
6.922700000000000000e+04
6.830000000000000000e+02
2.084300000000000000e+04
2.151500000000000000e+04
2.353100000000000000e+04
2.823500000000000000e+04
3.293900000000000000e+04
3.562700000000000000e+04
4.772300000000000000e+04
5.041100000000000000e+04
5.511500000000000000e+04
5.981900000000000000e+04
6.250700000000000000e+04
1.277900000000000000e+04
1.345100000000000000e+04
1.412300000000000000e+04
1.681100000000000000e+04
1.815500000000000000e+04
1.882700000000000000e+04
1.949900000000000000e+04
2.017100000000000000e+04
2.084300000000000000e+04
2.151500000000000000e+04
2.218700000000000000e+04
2.285900000000000000e+04
2.353100000000000000e+04
2.420300000000000000e+04
2.487500000000000000e+04
2.554700000000000000e+04
2.689100000000000000e+04
3.965900000000000000e+04
4.503500000000000000e+04
4.637900000000000000e+04
4.705100000000000000e+04
4.772300000000000000e+04
4.839500000000000000e+04
4.906700000000000000e+04
4.973900000000000000e+04
5.041100000000000000e+04
4.043000000000000000e+03
4.715000000000000000e+03
5.387000000000000000e+03
6.059000000000000000e+03
6.731000000000000000e+03
7.403000000000000000e+03
8.747000000000000000e+03
9.419000000000000000e+03
1.009100000000000000e+04
1.076300000000000000e+04
1.143500000000000000e+04
1.210700000000000000e+04
1.277900000000000000e+04
1.345100000000000000e+04
1.412300000000000000e+04
1.479500000000000000e+04
1.546700000000000000e+04
1.613900000000000000e+04
1.681100000000000000e+04
1.748300000000000000e+04
1.815500000000000000e+04
1.949900000000000000e+04
2.017100000000000000e+04
2.084300000000000000e+04
2.151500000000000000e+04
2.218700000000000000e+04
2.285900000000000000e+04
2.353100000000000000e+04
3.092300000000000000e+04
3.159500000000000000e+04
3.226700000000000000e+04
3.293900000000000000e+04
3.361100000000000000e+04
3.562700000000000000e+04
3.629900000000000000e+04
3.697100000000000000e+04
3.764300000000000000e+04
3.831500000000000000e+04
3.898700000000000000e+04
3.965900000000000000e+04
4.033100000000000000e+04
4.100300000000000000e+04
4.167500000000000000e+04
4.234700000000000000e+04
4.301900000000000000e+04
4.369100000000000000e+04
4.436300000000000000e+04
4.503500000000000000e+04
4.637900000000000000e+04
4.772300000000000000e+04
4.839500000000000000e+04
4.906700000000000000e+04
4.973900000000000000e+04
5.041100000000000000e+04
5.108300000000000000e+04
6.586700000000000000e+04
6.653900000000000000e+04
6.721100000000000000e+04
6.788300000000000000e+04
6.855500000000000000e+04
6.922700000000000000e+04
6.830000000000000000e+02
2.027000000000000000e+03
2.699000000000000000e+03
3.371000000000000000e+03
4.043000000000000000e+03
4.715000000000000000e+03
5.387000000000000000e+03
6.059000000000000000e+03
6.731000000000000000e+03
7.403000000000000000e+03
8.075000000000000000e+03
8.747000000000000000e+03
9.419000000000000000e+03
1.009100000000000000e+04
1.076300000000000000e+04
1.143500000000000000e+04
1.210700000000000000e+04
1.277900000000000000e+04
1.345100000000000000e+04
1.412300000000000000e+04
1.546700000000000000e+04
2.353100000000000000e+04
2.420300000000000000e+04
2.487500000000000000e+04
2.554700000000000000e+04
2.621900000000000000e+04
2.756300000000000000e+04
2.890700000000000000e+04
2.957900000000000000e+04
3.025100000000000000e+04
3.092300000000000000e+04
3.159500000000000000e+04
3.226700000000000000e+04
3.293900000000000000e+04
3.361100000000000000e+04
3.428300000000000000e+04
3.495500000000000000e+04
3.562700000000000000e+04
3.629900000000000000e+04
3.697100000000000000e+04
3.764300000000000000e+04
3.831500000000000000e+04
3.898700000000000000e+04
3.965900000000000000e+04
4.033100000000000000e+04
4.167500000000000000e+04
4.234700000000000000e+04
4.301900000000000000e+04
4.369100000000000000e+04
5.847500000000000000e+04
5.914700000000000000e+04
5.981900000000000000e+04
6.049100000000000000e+04
6.116300000000000000e+04
6.250700000000000000e+04
6.385100000000000000e+04
6.452300000000000000e+04
6.519500000000000000e+04
6.586700000000000000e+04
6.653900000000000000e+04
6.721100000000000000e+04
6.788300000000000000e+04
6.855500000000000000e+04
6.922700000000000000e+04
1.100000000000000000e+01
6.830000000000000000e+02
1.355000000000000000e+03
2.027000000000000000e+03
2.699000000000000000e+03
3.371000000000000000e+03
4.043000000000000000e+03
4.715000000000000000e+03
5.387000000000000000e+03
6.059000000000000000e+03
7.403000000000000000e+03
1.546700000000000000e+04
1.613900000000000000e+04
1.681100000000000000e+04
1.748300000000000000e+04
1.815500000000000000e+04
1.949900000000000000e+04
2.084300000000000000e+04
2.151500000000000000e+04
2.218700000000000000e+04
2.285900000000000000e+04
2.353100000000000000e+04
2.420300000000000000e+04
2.487500000000000000e+04
2.554700000000000000e+04
2.621900000000000000e+04
2.689100000000000000e+04
2.756300000000000000e+04
2.823500000000000000e+04
2.890700000000000000e+04
2.957900000000000000e+04
3.025100000000000000e+04
3.092300000000000000e+04
3.159500000000000000e+04
3.226700000000000000e+04
3.361100000000000000e+04
3.428300000000000000e+04
3.495500000000000000e+04
3.562700000000000000e+04
5.041100000000000000e+04
5.108300000000000000e+04
5.175500000000000000e+04
5.242700000000000000e+04
5.309900000000000000e+04
5.444300000000000000e+04
5.578700000000000000e+04
5.645900000000000000e+04
5.713100000000000000e+04
5.780300000000000000e+04
5.847500000000000000e+04
5.914700000000000000e+04
5.981900000000000000e+04
6.049100000000000000e+04
6.116300000000000000e+04
6.183500000000000000e+04
6.250700000000000000e+04
6.317900000000000000e+04
6.385100000000000000e+04
6.452300000000000000e+04
6.519500000000000000e+04
6.586700000000000000e+04
6.653900000000000000e+04
6.721100000000000000e+04
6.788300000000000000e+04
6.922700000000000000e+04
7.403000000000000000e+03
8.075000000000000000e+03
8.747000000000000000e+03
9.419000000000000000e+03
1.009100000000000000e+04
1.143500000000000000e+04
1.277900000000000000e+04
1.345100000000000000e+04
1.412300000000000000e+04
1.479500000000000000e+04
1.546700000000000000e+04
1.613900000000000000e+04
1.681100000000000000e+04
1.748300000000000000e+04
1.815500000000000000e+04
1.882700000000000000e+04
1.949900000000000000e+04
2.017100000000000000e+04
2.084300000000000000e+04
2.151500000000000000e+04
2.218700000000000000e+04
2.285900000000000000e+04
2.353100000000000000e+04
2.420300000000000000e+04
2.554700000000000000e+04
2.621900000000000000e+04
2.689100000000000000e+04
2.756300000000000000e+04
4.234700000000000000e+04
4.301900000000000000e+04
4.369100000000000000e+04
4.436300000000000000e+04
4.503500000000000000e+04
4.637900000000000000e+04
4.772300000000000000e+04
4.839500000000000000e+04
4.906700000000000000e+04
4.973900000000000000e+04
5.041100000000000000e+04
5.108300000000000000e+04
5.175500000000000000e+04
5.242700000000000000e+04
5.309900000000000000e+04
5.377100000000000000e+04
5.444300000000000000e+04
5.511500000000000000e+04
5.578700000000000000e+04
5.645900000000000000e+04
5.713100000000000000e+04
5.780300000000000000e+04
5.847500000000000000e+04
5.914700000000000000e+04
5.981900000000000000e+04
6.116300000000000000e+04
6.922700000000000000e+04
1.100000000000000000e+01
6.830000000000000000e+02
1.355000000000000000e+03
2.027000000000000000e+03
3.371000000000000000e+03
4.715000000000000000e+03
5.387000000000000000e+03
6.059000000000000000e+03
6.731000000000000000e+03
7.403000000000000000e+03
8.075000000000000000e+03
8.747000000000000000e+03
9.419000000000000000e+03
1.009100000000000000e+04
1.076300000000000000e+04
1.143500000000000000e+04
1.210700000000000000e+04
1.345100000000000000e+04
1.412300000000000000e+04
1.479500000000000000e+04
1.613900000000000000e+04
1.882700000000000000e+04
1.949900000000000000e+04
3.428300000000000000e+04
3.495500000000000000e+04
3.562700000000000000e+04
3.629900000000000000e+04
3.697100000000000000e+04
3.831500000000000000e+04
3.965900000000000000e+04
4.033100000000000000e+04
4.100300000000000000e+04
4.167500000000000000e+04
4.234700000000000000e+04
4.301900000000000000e+04
4.369100000000000000e+04
4.436300000000000000e+04
4.503500000000000000e+04
4.570700000000000000e+04
4.637900000000000000e+04
4.705100000000000000e+04
4.839500000000000000e+04
4.906700000000000000e+04
4.973900000000000000e+04
5.108300000000000000e+04
5.175500000000000000e+04
6.116300000000000000e+04
6.183500000000000000e+04
6.250700000000000000e+04
6.317900000000000000e+04
6.385100000000000000e+04
6.519500000000000000e+04
6.653900000000000000e+04
6.721100000000000000e+04
6.788300000000000000e+04
6.855500000000000000e+04
6.922700000000000000e+04
1.100000000000000000e+01
6.830000000000000000e+02
1.355000000000000000e+03
2.027000000000000000e+03
2.699000000000000000e+03
3.371000000000000000e+03
4.043000000000000000e+03
5.387000000000000000e+03
6.059000000000000000e+03
6.731000000000000000e+03
8.075000000000000000e+03
1.143500000000000000e+04
2.621900000000000000e+04
2.689100000000000000e+04
2.756300000000000000e+04
2.823500000000000000e+04
2.890700000000000000e+04
3.159500000000000000e+04
3.226700000000000000e+04
3.361100000000000000e+04
3.428300000000000000e+04
3.495500000000000000e+04
3.562700000000000000e+04
3.629900000000000000e+04
3.697100000000000000e+04
3.764300000000000000e+04
3.831500000000000000e+04
3.898700000000000000e+04
4.033100000000000000e+04
4.100300000000000000e+04
4.167500000000000000e+04
4.301900000000000000e+04
4.369100000000000000e+04
5.309900000000000000e+04
5.377100000000000000e+04
5.444300000000000000e+04
5.511500000000000000e+04
5.578700000000000000e+04
5.847500000000000000e+04
5.914700000000000000e+04
6.049100000000000000e+04
6.116300000000000000e+04
6.183500000000000000e+04
6.250700000000000000e+04
6.317900000000000000e+04
6.385100000000000000e+04
6.452300000000000000e+04
6.519500000000000000e+04
6.586700000000000000e+04
6.721100000000000000e+04
6.788300000000000000e+04
6.855500000000000000e+04
1.100000000000000000e+01
3.371000000000000000e+03
1.815500000000000000e+04
1.882700000000000000e+04
1.949900000000000000e+04
2.017100000000000000e+04
2.084300000000000000e+04
2.420300000000000000e+04
2.554700000000000000e+04
2.621900000000000000e+04
2.689100000000000000e+04
2.756300000000000000e+04
2.823500000000000000e+04
2.890700000000000000e+04
2.957900000000000000e+04
3.025100000000000000e+04
3.226700000000000000e+04
3.293900000000000000e+04
3.361100000000000000e+04
3.495500000000000000e+04
3.562700000000000000e+04
4.503500000000000000e+04
4.570700000000000000e+04
4.637900000000000000e+04
4.705100000000000000e+04
4.772300000000000000e+04
5.108300000000000000e+04
5.242700000000000000e+04
5.309900000000000000e+04
5.377100000000000000e+04
5.444300000000000000e+04
5.511500000000000000e+04
5.578700000000000000e+04
5.645900000000000000e+04
5.713100000000000000e+04
5.914700000000000000e+04
5.981900000000000000e+04
6.049100000000000000e+04
6.183500000000000000e+04
6.519500000000000000e+04
1.009100000000000000e+04
1.076300000000000000e+04
1.143500000000000000e+04
1.210700000000000000e+04
1.277900000000000000e+04
1.748300000000000000e+04
1.949900000000000000e+04
2.017100000000000000e+04
2.084300000000000000e+04
2.151500000000000000e+04
2.218700000000000000e+04
2.353100000000000000e+04
2.487500000000000000e+04
2.554700000000000000e+04
2.621900000000000000e+04
2.689100000000000000e+04
2.756300000000000000e+04
3.697100000000000000e+04
3.764300000000000000e+04
3.831500000000000000e+04
3.898700000000000000e+04
3.965900000000000000e+04
4.436300000000000000e+04
4.570700000000000000e+04
4.637900000000000000e+04
4.705100000000000000e+04
4.772300000000000000e+04
4.839500000000000000e+04
4.906700000000000000e+04
5.041100000000000000e+04
5.175500000000000000e+04
5.242700000000000000e+04
5.309900000000000000e+04
5.377100000000000000e+04
5.713100000000000000e+04
2.027000000000000000e+03
2.699000000000000000e+03
4.043000000000000000e+03
4.715000000000000000e+03
1.143500000000000000e+04
1.210700000000000000e+04
1.412300000000000000e+04
1.681100000000000000e+04
2.890700000000000000e+04
3.092300000000000000e+04
3.159500000000000000e+04
3.764300000000000000e+04
3.831500000000000000e+04
3.898700000000000000e+04
4.100300000000000000e+04
4.369100000000000000e+04
6.385100000000000000e+04
6.452300000000000000e+04
6.586700000000000000e+04
6.653900000000000000e+04
1.345100000000000000e+04
1.412300000000000000e+04
1.479500000000000000e+04
1.546700000000000000e+04
2.017100000000000000e+04
4.906700000000000000e+04
4.973900000000000000e+04
5.041100000000000000e+04
5.511500000000000000e+04
5.387000000000000000e+03
6.059000000000000000e+03
6.731000000000000000e+03
7.403000000000000000e+03
1.681100000000000000e+04
4.100300000000000000e+04
4.167500000000000000e+04
4.234700000000000000e+04
5.175500000000000000e+04
6.721100000000000000e+04
6.788300000000000000e+04
6.855500000000000000e+04
6.922700000000000000e+04
6.731000000000000000e+03
7.403000000000000000e+03
8.075000000000000000e+03
8.747000000000000000e+03
9.419000000000000000e+03
1.009100000000000000e+04
1.143500000000000000e+04
1.277900000000000000e+04
1.345100000000000000e+04
1.412300000000000000e+04
1.479500000000000000e+04
1.546700000000000000e+04
1.613900000000000000e+04
1.681100000000000000e+04
1.748300000000000000e+04
1.815500000000000000e+04
1.882700000000000000e+04
1.949900000000000000e+04
2.017100000000000000e+04
2.084300000000000000e+04
2.151500000000000000e+04
2.218700000000000000e+04
2.285900000000000000e+04
2.353100000000000000e+04
2.420300000000000000e+04
2.487500000000000000e+04
2.621900000000000000e+04
3.361100000000000000e+04
3.428300000000000000e+04
3.495500000000000000e+04
3.562700000000000000e+04
3.629900000000000000e+04
3.697100000000000000e+04
3.831500000000000000e+04
3.965900000000000000e+04
4.033100000000000000e+04
4.100300000000000000e+04
4.167500000000000000e+04
4.234700000000000000e+04
4.301900000000000000e+04
4.369100000000000000e+04
4.436300000000000000e+04
4.503500000000000000e+04
4.570700000000000000e+04
4.637900000000000000e+04
4.705100000000000000e+04
4.772300000000000000e+04
4.839500000000000000e+04
4.906700000000000000e+04
4.973900000000000000e+04
5.041100000000000000e+04
5.108300000000000000e+04
6.586700000000000000e+04
5.309900000000000000e+04
5.377100000000000000e+04
5.444300000000000000e+04
6.855500000000000000e+04
6.922700000000000000e+04
1.100000000000000000e+01
6.830000000000000000e+02
1.355000000000000000e+03
2.027000000000000000e+03
3.371000000000000000e+03
4.715000000000000000e+03
5.387000000000000000e+03
6.059000000000000000e+03
6.731000000000000000e+03
7.403000000000000000e+03
8.075000000000000000e+03
8.747000000000000000e+03
9.419000000000000000e+03
1.009100000000000000e+04
1.076300000000000000e+04
1.143500000000000000e+04
1.210700000000000000e+04
1.277900000000000000e+04
1.345100000000000000e+04
1.412300000000000000e+04
1.479500000000000000e+04
1.546700000000000000e+04
1.613900000000000000e+04
1.681100000000000000e+04
1.815500000000000000e+04
2.621900000000000000e+04
2.689100000000000000e+04
2.756300000000000000e+04
2.823500000000000000e+04
2.890700000000000000e+04
3.025100000000000000e+04
3.159500000000000000e+04
3.226700000000000000e+04
3.293900000000000000e+04
3.361100000000000000e+04
3.428300000000000000e+04
3.495500000000000000e+04
3.562700000000000000e+04
3.629900000000000000e+04
3.697100000000000000e+04
3.764300000000000000e+04
3.831500000000000000e+04
3.898700000000000000e+04
3.965900000000000000e+04
4.033100000000000000e+04
4.100300000000000000e+04
4.167500000000000000e+04
4.234700000000000000e+04
4.301900000000000000e+04
4.436300000000000000e+04
4.503500000000000000e+04
4.570700000000000000e+04
4.637900000000000000e+04
6.116300000000000000e+04
6.183500000000000000e+04
8.747000000000000000e+03
6.317900000000000000e+04
6.385100000000000000e+04
6.519500000000000000e+04
6.653900000000000000e+04
6.721100000000000000e+04
6.788300000000000000e+04
6.855500000000000000e+04
6.922700000000000000e+04
1.100000000000000000e+01
6.830000000000000000e+02
1.355000000000000000e+03
2.027000000000000000e+03
2.699000000000000000e+03
3.371000000000000000e+03
4.043000000000000000e+03
4.715000000000000000e+03
5.387000000000000000e+03
6.059000000000000000e+03
6.731000000000000000e+03
7.403000000000000000e+03
8.075000000000000000e+03
8.747000000000000000e+03
1.009100000000000000e+04
1.815500000000000000e+04
1.882700000000000000e+04
1.949900000000000000e+04
2.017100000000000000e+04
2.084300000000000000e+04
2.218700000000000000e+04
2.353100000000000000e+04
2.420300000000000000e+04
2.487500000000000000e+04
2.554700000000000000e+04
2.621900000000000000e+04
2.689100000000000000e+04
2.756300000000000000e+04
2.823500000000000000e+04
2.890700000000000000e+04
2.957900000000000000e+04
3.025100000000000000e+04
3.092300000000000000e+04
3.159500000000000000e+04
3.226700000000000000e+04
3.293900000000000000e+04
3.361100000000000000e+04
3.428300000000000000e+04
3.495500000000000000e+04
3.629900000000000000e+04
3.697100000000000000e+04
3.764300000000000000e+04
3.831500000000000000e+04
5.309900000000000000e+04
5.377100000000000000e+04
5.444300000000000000e+04
5.511500000000000000e+04
5.578700000000000000e+04
5.713100000000000000e+04
5.847500000000000000e+04
5.914700000000000000e+04
5.981900000000000000e+04
6.049100000000000000e+04
6.116300000000000000e+04
6.183500000000000000e+04
6.250700000000000000e+04
6.317900000000000000e+04
6.385100000000000000e+04
6.452300000000000000e+04
6.519500000000000000e+04
6.586700000000000000e+04
6.653900000000000000e+04
6.721100000000000000e+04
6.788300000000000000e+04
6.855500000000000000e+04
6.922700000000000000e+04
1.100000000000000000e+01
6.830000000000000000e+02
2.027000000000000000e+03
1.009100000000000000e+04
1.076300000000000000e+04
1.143500000000000000e+04
1.210700000000000000e+04
1.277900000000000000e+04
1.412300000000000000e+04
1.546700000000000000e+04
1.613900000000000000e+04
1.681100000000000000e+04
1.748300000000000000e+04
1.815500000000000000e+04
1.882700000000000000e+04
1.949900000000000000e+04
2.017100000000000000e+04
2.084300000000000000e+04
2.151500000000000000e+04
2.218700000000000000e+04
2.285900000000000000e+04
2.353100000000000000e+04
2.420300000000000000e+04
2.487500000000000000e+04
2.554700000000000000e+04
2.621900000000000000e+04
2.689100000000000000e+04
2.823500000000000000e+04
2.890700000000000000e+04
2.957900000000000000e+04
3.025100000000000000e+04
4.503500000000000000e+04
4.570700000000000000e+04
4.637900000000000000e+04
4.705100000000000000e+04
4.772300000000000000e+04
4.906700000000000000e+04
5.041100000000000000e+04
5.108300000000000000e+04
5.175500000000000000e+04
5.242700000000000000e+04
5.309900000000000000e+04
5.377100000000000000e+04
5.444300000000000000e+04
5.511500000000000000e+04
5.578700000000000000e+04
5.645900000000000000e+04
5.713100000000000000e+04
5.780300000000000000e+04
5.847500000000000000e+04
5.914700000000000000e+04
5.981900000000000000e+04
6.049100000000000000e+04
6.116300000000000000e+04
6.183500000000000000e+04
6.250700000000000000e+04
6.385100000000000000e+04
2.027000000000000000e+03
2.699000000000000000e+03
3.371000000000000000e+03
4.043000000000000000e+03
4.715000000000000000e+03
7.403000000000000000e+03
8.075000000000000000e+03
9.419000000000000000e+03
1.009100000000000000e+04
1.076300000000000000e+04
1.143500000000000000e+04
1.210700000000000000e+04
1.277900000000000000e+04
1.345100000000000000e+04
1.412300000000000000e+04
1.479500000000000000e+04
1.613900000000000000e+04
1.681100000000000000e+04
1.748300000000000000e+04
1.882700000000000000e+04
2.151500000000000000e+04
2.218700000000000000e+04
3.697100000000000000e+04
3.764300000000000000e+04
3.831500000000000000e+04
3.898700000000000000e+04
3.965900000000000000e+04
4.234700000000000000e+04
4.301900000000000000e+04
4.436300000000000000e+04
4.503500000000000000e+04
4.570700000000000000e+04
4.637900000000000000e+04
4.705100000000000000e+04
4.772300000000000000e+04
4.839500000000000000e+04
4.906700000000000000e+04
4.973900000000000000e+04
5.108300000000000000e+04
5.175500000000000000e+04
5.242700000000000000e+04
5.377100000000000000e+04
5.444300000000000000e+04
6.385100000000000000e+04
6.452300000000000000e+04
6.519500000000000000e+04
6.586700000000000000e+04
6.653900000000000000e+04
6.922700000000000000e+04
2.027000000000000000e+03
2.699000000000000000e+03
3.371000000000000000e+03
4.043000000000000000e+03
4.715000000000000000e+03
5.387000000000000000e+03
6.059000000000000000e+03
6.731000000000000000e+03
8.075000000000000000e+03
8.747000000000000000e+03
9.419000000000000000e+03
1.076300000000000000e+04
1.412300000000000000e+04
2.890700000000000000e+04
2.957900000000000000e+04
3.092300000000000000e+04
3.159500000000000000e+04
3.697100000000000000e+04
3.764300000000000000e+04
3.831500000000000000e+04
3.898700000000000000e+04
3.965900000000000000e+04
4.033100000000000000e+04
4.100300000000000000e+04
4.167500000000000000e+04
4.369100000000000000e+04
4.436300000000000000e+04
4.570700000000000000e+04
4.637900000000000000e+04
5.578700000000000000e+04
5.780300000000000000e+04
5.847500000000000000e+04
6.385100000000000000e+04
6.452300000000000000e+04
6.519500000000000000e+04
6.586700000000000000e+04
6.653900000000000000e+04
6.721100000000000000e+04
6.788300000000000000e+04
6.855500000000000000e+04
6.830000000000000000e+02
2.699000000000000000e+03
6.059000000000000000e+03
2.084300000000000000e+04
2.151500000000000000e+04
2.218700000000000000e+04
2.285900000000000000e+04
2.353100000000000000e+04
2.890700000000000000e+04
2.957900000000000000e+04
3.025100000000000000e+04
3.092300000000000000e+04
3.159500000000000000e+04
3.226700000000000000e+04
3.293900000000000000e+04
3.562700000000000000e+04
3.764300000000000000e+04
3.831500000000000000e+04
4.772300000000000000e+04
4.839500000000000000e+04
4.906700000000000000e+04
4.973900000000000000e+04
5.041100000000000000e+04
5.578700000000000000e+04
5.645900000000000000e+04
5.713100000000000000e+04
5.780300000000000000e+04
5.847500000000000000e+04
5.914700000000000000e+04
5.981900000000000000e+04
6.250700000000000000e+04
6.452300000000000000e+04
6.788300000000000000e+04
1.277900000000000000e+04
1.345100000000000000e+04
1.412300000000000000e+04
1.479500000000000000e+04
1.546700000000000000e+04
2.084300000000000000e+04
2.151500000000000000e+04
2.218700000000000000e+04
2.285900000000000000e+04
2.353100000000000000e+04
2.420300000000000000e+04
2.487500000000000000e+04
2.554700000000000000e+04
2.756300000000000000e+04
2.957900000000000000e+04
3.025100000000000000e+04
3.965900000000000000e+04
4.033100000000000000e+04
4.100300000000000000e+04
4.167500000000000000e+04
4.234700000000000000e+04
4.772300000000000000e+04
4.839500000000000000e+04
4.906700000000000000e+04
4.973900000000000000e+04
5.041100000000000000e+04
5.108300000000000000e+04
5.175500000000000000e+04
5.242700000000000000e+04
5.444300000000000000e+04
5.645900000000000000e+04
5.981900000000000000e+04
4.715000000000000000e+03
5.387000000000000000e+03
6.731000000000000000e+03
7.403000000000000000e+03
1.412300000000000000e+04
1.479500000000000000e+04
1.681100000000000000e+04
1.949900000000000000e+04
3.159500000000000000e+04
3.361100000000000000e+04
3.428300000000000000e+04
4.033100000000000000e+04
4.100300000000000000e+04
4.167500000000000000e+04
4.637900000000000000e+04
6.653900000000000000e+04
6.721100000000000000e+04
6.855500000000000000e+04
6.922700000000000000e+04
6.830000000000000000e+02
3.371000000000000000e+03
4.043000000000000000e+03
2.353100000000000000e+04
2.420300000000000000e+04
2.487500000000000000e+04
2.554700000000000000e+04
2.621900000000000000e+04
2.756300000000000000e+04
3.025100000000000000e+04
3.092300000000000000e+04
5.847500000000000000e+04
5.914700000000000000e+04
5.981900000000000000e+04
6.049100000000000000e+04
6.116300000000000000e+04
6.250700000000000000e+04
6.519500000000000000e+04
6.586700000000000000e+04
1.613900000000000000e+04
1.681100000000000000e+04
1.748300000000000000e+04
1.815500000000000000e+04
2.285900000000000000e+04
2.487500000000000000e+04
2.554700000000000000e+04
5.175500000000000000e+04
5.242700000000000000e+04
5.309900000000000000e+04
5.780300000000000000e+04
6.049100000000000000e+04
8.075000000000000000e+03
8.747000000000000000e+03
9.419000000000000000e+03
1.009100000000000000e+04
4.369100000000000000e+04
4.436300000000000000e+04
4.503500000000000000e+04
1.681100000000000000e+04
4.369100000000000000e+04
1.412300000000000000e+04
4.100300000000000000e+04
1.100000000000000000e+01
6.830000000000000000e+02
1.355000000000000000e+03
2.027000000000000000e+03
2.699000000000000000e+03
3.371000000000000000e+03
4.715000000000000000e+03
1.277900000000000000e+04
1.345100000000000000e+04
1.412300000000000000e+04
1.479500000000000000e+04
1.546700000000000000e+04
1.681100000000000000e+04
1.815500000000000000e+04
1.882700000000000000e+04
1.949900000000000000e+04
2.017100000000000000e+04
2.084300000000000000e+04
2.151500000000000000e+04
2.218700000000000000e+04
2.285900000000000000e+04
2.353100000000000000e+04
2.420300000000000000e+04
2.487500000000000000e+04
2.554700000000000000e+04
2.621900000000000000e+04
2.689100000000000000e+04
2.756300000000000000e+04
2.823500000000000000e+04
2.890700000000000000e+04
2.957900000000000000e+04
3.092300000000000000e+04
3.159500000000000000e+04
3.226700000000000000e+04
3.293900000000000000e+04
4.772300000000000000e+04
4.839500000000000000e+04
4.906700000000000000e+04
4.973900000000000000e+04
5.041100000000000000e+04
5.175500000000000000e+04
5.309900000000000000e+04
5.377100000000000000e+04
5.444300000000000000e+04
5.511500000000000000e+04
5.578700000000000000e+04
5.645900000000000000e+04
5.713100000000000000e+04
5.780300000000000000e+04
5.847500000000000000e+04
5.914700000000000000e+04
5.981900000000000000e+04
6.049100000000000000e+04
6.116300000000000000e+04
6.183500000000000000e+04
6.250700000000000000e+04
6.317900000000000000e+04
6.385100000000000000e+04
6.452300000000000000e+04
6.519500000000000000e+04
6.653900000000000000e+04
4.715000000000000000e+03
5.387000000000000000e+03
6.059000000000000000e+03
6.731000000000000000e+03
7.403000000000000000e+03
8.747000000000000000e+03
1.009100000000000000e+04
1.076300000000000000e+04
1.143500000000000000e+04
1.210700000000000000e+04
1.277900000000000000e+04
1.345100000000000000e+04
1.412300000000000000e+04
1.479500000000000000e+04
1.546700000000000000e+04
1.613900000000000000e+04
1.681100000000000000e+04
1.748300000000000000e+04
1.815500000000000000e+04
1.882700000000000000e+04
1.949900000000000000e+04
2.017100000000000000e+04
2.084300000000000000e+04
2.151500000000000000e+04
2.285900000000000000e+04
2.353100000000000000e+04
2.420300000000000000e+04
2.487500000000000000e+04
3.965900000000000000e+04
4.033100000000000000e+04
4.100300000000000000e+04
4.167500000000000000e+04
4.234700000000000000e+04
4.369100000000000000e+04
4.503500000000000000e+04
4.570700000000000000e+04
4.637900000000000000e+04
4.705100000000000000e+04
4.772300000000000000e+04
4.839500000000000000e+04
4.906700000000000000e+04
4.973900000000000000e+04
5.041100000000000000e+04
5.108300000000000000e+04
5.175500000000000000e+04
5.242700000000000000e+04
5.309900000000000000e+04
5.377100000000000000e+04
5.444300000000000000e+04
5.511500000000000000e+04
5.578700000000000000e+04
5.645900000000000000e+04
5.713100000000000000e+04
5.847500000000000000e+04
6.653900000000000000e+04
6.721100000000000000e+04
6.788300000000000000e+04
6.855500000000000000e+04
6.922700000000000000e+04
2.699000000000000000e+03
3.371000000000000000e+03
4.043000000000000000e+03
4.715000000000000000e+03
5.387000000000000000e+03
6.059000000000000000e+03
6.731000000000000000e+03
7.403000000000000000e+03
8.075000000000000000e+03
8.747000000000000000e+03
9.419000000000000000e+03
1.009100000000000000e+04
1.076300000000000000e+04
1.143500000000000000e+04
1.210700000000000000e+04
1.277900000000000000e+04
1.345100000000000000e+04
1.479500000000000000e+04
1.546700000000000000e+04
1.613900000000000000e+04
1.681100000000000000e+04
3.159500000000000000e+04
3.226700000000000000e+04
3.293900000000000000e+04
3.361100000000000000e+04
3.428300000000000000e+04
3.764300000000000000e+04
3.831500000000000000e+04
3.898700000000000000e+04
3.965900000000000000e+04
4.033100000000000000e+04
4.100300000000000000e+04
4.167500000000000000e+04
4.234700000000000000e+04
4.301900000000000000e+04
4.369100000000000000e+04
4.436300000000000000e+04
4.503500000000000000e+04
4.570700000000000000e+04
4.637900000000000000e+04
4.705100000000000000e+04
4.772300000000000000e+04
4.839500000000000000e+04
4.906700000000000000e+04
5.041100000000000000e+04
5.847500000000000000e+04
5.914700000000000000e+04
5.981900000000000000e+04
6.049100000000000000e+04
6.116300000000000000e+04
6.452300000000000000e+04
6.519500000000000000e+04
6.586700000000000000e+04
6.653900000000000000e+04
6.721100000000000000e+04
6.788300000000000000e+04
6.855500000000000000e+04
6.922700000000000000e+04
1.100000000000000000e+01
6.830000000000000000e+02
1.355000000000000000e+03
2.699000000000000000e+03
3.371000000000000000e+03
4.043000000000000000e+03
5.387000000000000000e+03
8.075000000000000000e+03
8.747000000000000000e+03
2.353100000000000000e+04
2.420300000000000000e+04
2.487500000000000000e+04
2.554700000000000000e+04
2.621900000000000000e+04
2.957900000000000000e+04
3.025100000000000000e+04
3.092300000000000000e+04
3.159500000000000000e+04
3.226700000000000000e+04
3.293900000000000000e+04
3.361100000000000000e+04
3.428300000000000000e+04
3.495500000000000000e+04
3.562700000000000000e+04
3.629900000000000000e+04
3.764300000000000000e+04
3.831500000000000000e+04
3.898700000000000000e+04
4.033100000000000000e+04
4.100300000000000000e+04
5.041100000000000000e+04
5.108300000000000000e+04
5.175500000000000000e+04
5.242700000000000000e+04
5.309900000000000000e+04
5.645900000000000000e+04
5.713100000000000000e+04
5.780300000000000000e+04
5.847500000000000000e+04
5.914700000000000000e+04
5.981900000000000000e+04
6.049100000000000000e+04
6.116300000000000000e+04
6.183500000000000000e+04
6.250700000000000000e+04
6.317900000000000000e+04
6.452300000000000000e+04
6.519500000000000000e+04
6.586700000000000000e+04
6.721100000000000000e+04
6.830000000000000000e+02
1.546700000000000000e+04
1.613900000000000000e+04
1.748300000000000000e+04
1.815500000000000000e+04
2.353100000000000000e+04
2.420300000000000000e+04
2.487500000000000000e+04
2.554700000000000000e+04
2.621900000000000000e+04
2.689100000000000000e+04
2.756300000000000000e+04
2.823500000000000000e+04
2.957900000000000000e+04
3.025100000000000000e+04
3.092300000000000000e+04
3.226700000000000000e+04
3.293900000000000000e+04
4.234700000000000000e+04
4.436300000000000000e+04
4.503500000000000000e+04
5.041100000000000000e+04
5.108300000000000000e+04
5.175500000000000000e+04
5.242700000000000000e+04
5.309900000000000000e+04
5.377100000000000000e+04
5.444300000000000000e+04
5.511500000000000000e+04
5.645900000000000000e+04
5.713100000000000000e+04
5.780300000000000000e+04
5.914700000000000000e+04
6.250700000000000000e+04
7.403000000000000000e+03
8.075000000000000000e+03
9.419000000000000000e+03
1.009100000000000000e+04
1.546700000000000000e+04
1.613900000000000000e+04
1.681100000000000000e+04
1.748300000000000000e+04
1.815500000000000000e+04
1.882700000000000000e+04
1.949900000000000000e+04
2.218700000000000000e+04
2.420300000000000000e+04
2.487500000000000000e+04
3.428300000000000000e+04
3.629900000000000000e+04
3.697100000000000000e+04
4.234700000000000000e+04
4.301900000000000000e+04
4.369100000000000000e+04
4.436300000000000000e+04
4.503500000000000000e+04
4.570700000000000000e+04
4.637900000000000000e+04
4.906700000000000000e+04
5.108300000000000000e+04
5.444300000000000000e+04
6.922700000000000000e+04
1.100000000000000000e+01
1.355000000000000000e+03
2.027000000000000000e+03
8.747000000000000000e+03
9.419000000000000000e+03
1.143500000000000000e+04
1.412300000000000000e+04
2.621900000000000000e+04
2.823500000000000000e+04
2.890700000000000000e+04
3.495500000000000000e+04
3.562700000000000000e+04
3.629900000000000000e+04
3.831500000000000000e+04
4.100300000000000000e+04
4.637900000000000000e+04
6.116300000000000000e+04
6.183500000000000000e+04
6.317900000000000000e+04
6.385100000000000000e+04
6.830000000000000000e+02
1.355000000000000000e+03
2.699000000000000000e+03
6.059000000000000000e+03
1.815500000000000000e+04
2.017100000000000000e+04
2.084300000000000000e+04
2.689100000000000000e+04
2.756300000000000000e+04
2.823500000000000000e+04
2.957900000000000000e+04
3.293900000000000000e+04
5.309900000000000000e+04
5.377100000000000000e+04
5.511500000000000000e+04
5.578700000000000000e+04
6.250700000000000000e+04
6.317900000000000000e+04
6.452300000000000000e+04
6.788300000000000000e+04
1.076300000000000000e+04
1.143500000000000000e+04
1.210700000000000000e+04
1.277900000000000000e+04
1.748300000000000000e+04
4.637900000000000000e+04
4.705100000000000000e+04
4.772300000000000000e+04
5.242700000000000000e+04
2.699000000000000000e+03
3.371000000000000000e+03
4.043000000000000000e+03
4.715000000000000000e+03
3.831500000000000000e+04
3.898700000000000000e+04
3.965900000000000000e+04
6.452300000000000000e+04
6.519500000000000000e+04
6.586700000000000000e+04
6.653900000000000000e+04
1.949900000000000000e+04
4.637900000000000000e+04
1.143500000000000000e+04
1.681100000000000000e+04
1.815500000000000000e+04
3.831500000000000000e+04
4.369100000000000000e+04
4.503500000000000000e+04
3.371000000000000000e+03
8.747000000000000000e+03
3.025100000000000000e+04
3.562700000000000000e+04
6.519500000000000000e+04
6.830000000000000000e+02
2.756300000000000000e+04
6.250700000000000000e+04
1.949900000000000000e+04
5.444300000000000000e+04
1.100000000000000000e+01
6.830000000000000000e+02
1.355000000000000000e+03
2.027000000000000000e+03
3.371000000000000000e+03
4.043000000000000000e+03
5.387000000000000000e+03
6.059000000000000000e+03
7.403000000000000000e+03
8.075000000000000000e+03
1.076300000000000000e+04
1.143500000000000000e+04
2.621900000000000000e+04
2.689100000000000000e+04
2.823500000000000000e+04
2.890700000000000000e+04
3.025100000000000000e+04
3.293900000000000000e+04
3.361100000000000000e+04
3.428300000000000000e+04
3.495500000000000000e+04
3.562700000000000000e+04
3.629900000000000000e+04
3.697100000000000000e+04
3.831500000000000000e+04
3.092300000000000000e+04
4.033100000000000000e+04
4.100300000000000000e+04
4.234700000000000000e+04
4.301900000000000000e+04
4.369100000000000000e+04
5.309900000000000000e+04
5.511500000000000000e+04
5.578700000000000000e+04
5.713100000000000000e+04
5.981900000000000000e+04
6.049100000000000000e+04
6.116300000000000000e+04
6.183500000000000000e+04
6.250700000000000000e+04
6.317900000000000000e+04
6.385100000000000000e+04
6.519500000000000000e+04
6.586700000000000000e+04
6.721100000000000000e+04
6.788300000000000000e+04
6.922700000000000000e+04
1.100000000000000000e+01
2.699000000000000000e+03
3.371000000000000000e+03
1.815500000000000000e+04
1.882700000000000000e+04
2.017100000000000000e+04
2.084300000000000000e+04
2.218700000000000000e+04
2.420300000000000000e+04
2.487500000000000000e+04
2.554700000000000000e+04
2.621900000000000000e+04
2.689100000000000000e+04
2.756300000000000000e+04
2.823500000000000000e+04
2.890700000000000000e+04
2.957900000000000000e+04
3.025100000000000000e+04
3.092300000000000000e+04
3.159500000000000000e+04
3.226700000000000000e+04
3.293900000000000000e+04
3.361100000000000000e+04
3.428300000000000000e+04
3.495500000000000000e+04
3.562700000000000000e+04
4.503500000000000000e+04
4.705100000000000000e+04
4.772300000000000000e+04
4.906700000000000000e+04
5.108300000000000000e+04
5.175500000000000000e+04
5.242700000000000000e+04
5.309900000000000000e+04
5.377100000000000000e+04
5.444300000000000000e+04
5.511500000000000000e+04
5.578700000000000000e+04
5.645900000000000000e+04
5.713100000000000000e+04
5.780300000000000000e+04
5.847500000000000000e+04
5.914700000000000000e+04
5.981900000000000000e+04
6.049100000000000000e+04
6.116300000000000000e+04
6.183500000000000000e+04
6.452300000000000000e+04
6.519500000000000000e+04
1.009100000000000000e+04
1.076300000000000000e+04
1.210700000000000000e+04
1.277900000000000000e+04
1.613900000000000000e+04
1.748300000000000000e+04
1.815500000000000000e+04
1.882700000000000000e+04
1.949900000000000000e+04
2.017100000000000000e+04
2.084300000000000000e+04
2.151500000000000000e+04
2.218700000000000000e+04
2.285900000000000000e+04
2.420300000000000000e+04
2.487500000000000000e+04
2.554700000000000000e+04
2.689100000000000000e+04
2.756300000000000000e+04
2.890700000000000000e+04
3.697100000000000000e+04
3.898700000000000000e+04
3.965900000000000000e+04
4.301900000000000000e+04
4.436300000000000000e+04
4.503500000000000000e+04
4.570700000000000000e+04
4.637900000000000000e+04
4.705100000000000000e+04
4.772300000000000000e+04
4.839500000000000000e+04
4.906700000000000000e+04
4.973900000000000000e+04
5.108300000000000000e+04
5.175500000000000000e+04
5.242700000000000000e+04
5.377100000000000000e+04
5.511500000000000000e+04
5.578700000000000000e+04
5.645900000000000000e+04
5.713100000000000000e+04
2.027000000000000000e+03
2.699000000000000000e+03
4.043000000000000000e+03
4.715000000000000000e+03
8.075000000000000000e+03
9.419000000000000000e+03
1.009100000000000000e+04
1.076300000000000000e+04
1.143500000000000000e+04
1.210700000000000000e+04
1.277900000000000000e+04
1.345100000000000000e+04
1.412300000000000000e+04
1.479500000000000000e+04
1.613900000000000000e+04
1.681100000000000000e+04
1.748300000000000000e+04
1.882700000000000000e+04
1.949900000000000000e+04
2.890700000000000000e+04
3.092300000000000000e+04
3.159500000000000000e+04
3.495500000000000000e+04
3.629900000000000000e+04
3.697100000000000000e+04
3.764300000000000000e+04
3.831500000000000000e+04
3.898700000000000000e+04
3.965900000000000000e+04
4.033100000000000000e+04
4.100300000000000000e+04
4.167500000000000000e+04
4.301900000000000000e+04
4.369100000000000000e+04
4.436300000000000000e+04
4.570700000000000000e+04
4.906700000000000000e+04
6.385100000000000000e+04
6.452300000000000000e+04
6.586700000000000000e+04
6.653900000000000000e+04
2.027000000000000000e+03
2.699000000000000000e+03
3.371000000000000000e+03
4.043000000000000000e+03
4.715000000000000000e+03
5.387000000000000000e+03
6.731000000000000000e+03
8.075000000000000000e+03
8.747000000000000000e+03
9.419000000000000000e+03
2.084300000000000000e+04
2.285900000000000000e+04
2.353100000000000000e+04
2.890700000000000000e+04
2.957900000000000000e+04
3.025100000000000000e+04
3.092300000000000000e+04
3.159500000000000000e+04
3.226700000000000000e+04
3.361100000000000000e+04
3.495500000000000000e+04
3.562700000000000000e+04
3.629900000000000000e+04
4.100300000000000000e+04
5.578700000000000000e+04
5.645900000000000000e+04
5.780300000000000000e+04
5.847500000000000000e+04
6.385100000000000000e+04
6.452300000000000000e+04
6.519500000000000000e+04
6.586700000000000000e+04
6.653900000000000000e+04
6.721100000000000000e+04
6.855500000000000000e+04
6.830000000000000000e+02
1.277900000000000000e+04
1.479500000000000000e+04
1.546700000000000000e+04
2.151500000000000000e+04
2.756300000000000000e+04
3.293900000000000000e+04
4.772300000000000000e+04
4.839500000000000000e+04
4.973900000000000000e+04
5.041100000000000000e+04
5.713100000000000000e+04
6.250700000000000000e+04
4.715000000000000000e+03
7.403000000000000000e+03
3.965900000000000000e+04
4.033100000000000000e+04
4.234700000000000000e+04
6.653900000000000000e+04
6.922700000000000000e+04
3.159500000000000000e+04
3.226700000000000000e+04
5.847500000000000000e+04
8.747000000000000000e+03
9.419000000000000000e+03
1.009100000000000000e+04
3.495500000000000000e+04
3.562700000000000000e+04
3.629900000000000000e+04
3.697100000000000000e+04
6.830000000000000000e+02
2.689100000000000000e+04
2.756300000000000000e+04
6.250700000000000000e+04
2.699000000000000000e+03
3.371000000000000000e+03
8.747000000000000000e+03
1.546700000000000000e+04
1.882700000000000000e+04
3.831500000000000000e+04
4.369100000000000000e+04
5.041100000000000000e+04
5.377100000000000000e+04
5.444300000000000000e+04
6.452300000000000000e+04
6.519500000000000000e+04
6.830000000000000000e+02
1.355000000000000000e+03
5.387000000000000000e+03
6.059000000000000000e+03
7.403000000000000000e+03
8.747000000000000000e+03
1.076300000000000000e+04
3.025100000000000000e+04
3.562700000000000000e+04
3.629900000000000000e+04
4.033100000000000000e+04
4.100300000000000000e+04
4.234700000000000000e+04
4.369100000000000000e+04
4.570700000000000000e+04
4.637900000000000000e+04
5.645900000000000000e+04
5.713100000000000000e+04
6.250700000000000000e+04
6.317900000000000000e+04
6.721100000000000000e+04
6.788300000000000000e+04
6.922700000000000000e+04
6.830000000000000000e+02
2.218700000000000000e+04
2.756300000000000000e+04
2.890700000000000000e+04
2.957900000000000000e+04
3.293900000000000000e+04
3.428300000000000000e+04
3.562700000000000000e+04
4.839500000000000000e+04
4.906700000000000000e+04
5.444300000000000000e+04
5.914700000000000000e+04
5.981900000000000000e+04
6.116300000000000000e+04
6.250700000000000000e+04
1.412300000000000000e+04
2.487500000000000000e+04
2.756300000000000000e+04
4.033100000000000000e+04
4.100300000000000000e+04
5.175500000000000000e+04
5.444300000000000000e+04
6.059000000000000000e+03
1.681100000000000000e+04
3.226700000000000000e+04
3.293900000000000000e+04
4.369100000000000000e+04
6.788300000000000000e+04
8.747000000000000000e+03
3.562700000000000000e+04
1.355000000000000000e+03
2.699000000000000000e+03
3.371000000000000000e+03
4.043000000000000000e+03
4.715000000000000000e+03
5.387000000000000000e+03
6.059000000000000000e+03
1.546700000000000000e+04
1.748300000000000000e+04
1.815500000000000000e+04
2.285900000000000000e+04
2.353100000000000000e+04
2.420300000000000000e+04
2.487500000000000000e+04
2.554700000000000000e+04
2.621900000000000000e+04
2.823500000000000000e+04
2.957900000000000000e+04
3.025100000000000000e+04
3.092300000000000000e+04
3.159500000000000000e+04
3.226700000000000000e+04
3.562700000000000000e+04
5.041100000000000000e+04
5.108300000000000000e+04
5.242700000000000000e+04
5.309900000000000000e+04
5.780300000000000000e+04
5.847500000000000000e+04
5.914700000000000000e+04
5.981900000000000000e+04
6.049100000000000000e+04
6.116300000000000000e+04
6.317900000000000000e+04
6.452300000000000000e+04
6.519500000000000000e+04
6.586700000000000000e+04
6.653900000000000000e+04
6.721100000000000000e+04
6.788300000000000000e+04
7.403000000000000000e+03
9.419000000000000000e+03
1.009100000000000000e+04
1.345100000000000000e+04
1.546700000000000000e+04
1.613900000000000000e+04
1.681100000000000000e+04
1.748300000000000000e+04
1.815500000000000000e+04
1.882700000000000000e+04
1.949900000000000000e+04
2.017100000000000000e+04
2.084300000000000000e+04
2.151500000000000000e+04
2.218700000000000000e+04
2.285900000000000000e+04
2.420300000000000000e+04
2.756300000000000000e+04
4.234700000000000000e+04
4.301900000000000000e+04
4.436300000000000000e+04
4.503500000000000000e+04
4.839500000000000000e+04
5.041100000000000000e+04
5.108300000000000000e+04
5.175500000000000000e+04
5.242700000000000000e+04
5.309900000000000000e+04
5.377100000000000000e+04
5.444300000000000000e+04
5.511500000000000000e+04
5.578700000000000000e+04
5.645900000000000000e+04
5.713100000000000000e+04
5.780300000000000000e+04
5.914700000000000000e+04
5.981900000000000000e+04
6.922700000000000000e+04
1.355000000000000000e+03
2.027000000000000000e+03
7.403000000000000000e+03
8.075000000000000000e+03
8.747000000000000000e+03
9.419000000000000000e+03
1.143500000000000000e+04
1.210700000000000000e+04
1.345100000000000000e+04
1.412300000000000000e+04
1.949900000000000000e+04
3.428300000000000000e+04
3.495500000000000000e+04
3.629900000000000000e+04
3.697100000000000000e+04
4.234700000000000000e+04
4.301900000000000000e+04
4.369100000000000000e+04
4.436300000000000000e+04
4.503500000000000000e+04
4.637900000000000000e+04
4.705100000000000000e+04
4.839500000000000000e+04
4.906700000000000000e+04
6.116300000000000000e+04
6.317900000000000000e+04
6.385100000000000000e+04
6.922700000000000000e+04
1.100000000000000000e+01
2.621900000000000000e+04
2.689100000000000000e+04
2.823500000000000000e+04
2.890700000000000000e+04
3.562700000000000000e+04
5.309900000000000000e+04
5.511500000000000000e+04
5.578700000000000000e+04
6.183500000000000000e+04
1.815500000000000000e+04
1.882700000000000000e+04
2.084300000000000000e+04
4.503500000000000000e+04
4.772300000000000000e+04
3.371000000000000000e+03
8.747000000000000000e+03
1.412300000000000000e+04
1.546700000000000000e+04
1.681100000000000000e+04
1.882700000000000000e+04
1.949900000000000000e+04
2.957900000000000000e+04
3.025100000000000000e+04
3.562700000000000000e+04
4.100300000000000000e+04
4.234700000000000000e+04
4.369100000000000000e+04
4.570700000000000000e+04
6.519500000000000000e+04
6.830000000000000000e+02
2.027000000000000000e+03
2.699000000000000000e+03
4.715000000000000000e+03
5.387000000000000000e+03
6.059000000000000000e+03
7.403000000000000000e+03
8.747000000000000000e+03
9.419000000000000000e+03
1.076300000000000000e+04
1.143500000000000000e+04
2.151500000000000000e+04
2.218700000000000000e+04
2.756300000000000000e+04
2.890700000000000000e+04
3.159500000000000000e+04
3.226700000000000000e+04
3.293900000000000000e+04
3.428300000000000000e+04
3.562700000000000000e+04
3.629900000000000000e+04
3.764300000000000000e+04
5.713100000000000000e+04
6.250700000000000000e+04
6.385100000000000000e+04
6.452300000000000000e+04
6.653900000000000000e+04
6.721100000000000000e+04
6.788300000000000000e+04
6.922700000000000000e+04
6.830000000000000000e+02
2.699000000000000000e+03
3.371000000000000000e+03
1.345100000000000000e+04
1.412300000000000000e+04
1.949900000000000000e+04
2.084300000000000000e+04
2.353100000000000000e+04
2.420300000000000000e+04
2.487500000000000000e+04
2.621900000000000000e+04
2.756300000000000000e+04
2.957900000000000000e+04
4.906700000000000000e+04
5.444300000000000000e+04
5.578700000000000000e+04
5.645900000000000000e+04
5.847500000000000000e+04
5.914700000000000000e+04
5.981900000000000000e+04
6.116300000000000000e+04
6.250700000000000000e+04
6.452300000000000000e+04
6.519500000000000000e+04
5.387000000000000000e+03
6.059000000000000000e+03
1.681100000000000000e+04
1.949900000000000000e+04
4.100300000000000000e+04
5.175500000000000000e+04
5.444300000000000000e+04
6.721100000000000000e+04
6.788300000000000000e+04
8.747000000000000000e+03
3.293900000000000000e+04
4.369100000000000000e+04
5.914700000000000000e+04
5.981900000000000000e+04
6.830000000000000000e+02
3.562700000000000000e+04
6.250700000000000000e+04
1.546700000000000000e+04
1.613900000000000000e+04
1.748300000000000000e+04
1.815500000000000000e+04
2.353100000000000000e+04
2.420300000000000000e+04
2.487500000000000000e+04
2.957900000000000000e+04
4.234700000000000000e+04
4.436300000000000000e+04
4.503500000000000000e+04
5.041100000000000000e+04
5.108300000000000000e+04
5.645900000000000000e+04
7.403000000000000000e+03
8.075000000000000000e+03
1.009100000000000000e+04
1.681100000000000000e+04
3.428300000000000000e+04
3.697100000000000000e+04
4.301900000000000000e+04
6.922700000000000000e+04
2.027000000000000000e+03
2.890700000000000000e+04
6.385100000000000000e+04
5.578700000000000000e+04
1.100000000000000000e+01
6.830000000000000000e+02
1.076300000000000000e+04
1.143500000000000000e+04
1.681100000000000000e+04
2.218700000000000000e+04
2.353100000000000000e+04
2.689100000000000000e+04
4.637900000000000000e+04
5.175500000000000000e+04
5.713100000000000000e+04
5.847500000000000000e+04
6.183500000000000000e+04
6.250700000000000000e+04
2.699000000000000000e+03
3.371000000000000000e+03
8.747000000000000000e+03
9.419000000000000000e+03
1.009100000000000000e+04
1.143500000000000000e+04
1.210700000000000000e+04
1.277900000000000000e+04
1.345100000000000000e+04
1.412300000000000000e+04
1.546700000000000000e+04
1.681100000000000000e+04
1.748300000000000000e+04
1.882700000000000000e+04
3.831500000000000000e+04
4.369100000000000000e+04
4.436300000000000000e+04
4.503500000000000000e+04
4.570700000000000000e+04
4.705100000000000000e+04
4.772300000000000000e+04
4.839500000000000000e+04
4.906700000000000000e+04
5.041100000000000000e+04
5.175500000000000000e+04
5.242700000000000000e+04
5.377100000000000000e+04
5.444300000000000000e+04
6.452300000000000000e+04
6.519500000000000000e+04
6.830000000000000000e+02
2.027000000000000000e+03
3.371000000000000000e+03
4.043000000000000000e+03
4.715000000000000000e+03
5.387000000000000000e+03
6.059000000000000000e+03
7.403000000000000000e+03
8.747000000000000000e+03
1.076300000000000000e+04
3.025100000000000000e+04
3.562700000000000000e+04
3.697100000000000000e+04
3.764300000000000000e+04
3.898700000000000000e+04
3.965900000000000000e+04
4.033100000000000000e+04
4.100300000000000000e+04
4.234700000000000000e+04
4.369100000000000000e+04
4.570700000000000000e+04
4.637900000000000000e+04
5.645900000000000000e+04
5.713100000000000000e+04
6.250700000000000000e+04
6.385100000000000000e+04
6.519500000000000000e+04
6.586700000000000000e+04
6.653900000000000000e+04
6.721100000000000000e+04
6.788300000000000000e+04
6.922700000000000000e+04
6.830000000000000000e+02
2.218700000000000000e+04
2.554700000000000000e+04
3.293900000000000000e+04
3.562700000000000000e+04
4.839500000000000000e+04
4.906700000000000000e+04
5.242700000000000000e+04
5.981900000000000000e+04
6.250700000000000000e+04
1.412300000000000000e+04
2.487500000000000000e+04
4.033100000000000000e+04
4.100300000000000000e+04
5.175500000000000000e+04
1.681100000000000000e+04
4.369100000000000000e+04
