2003-01-01 00:00:00
444.1763107474611, 29.197613013998513, 8.625511459479762, 2665.9480262024995, -2183.9749049915317
-2183.9485909815603
2003-02-01 00:00:00
810.0672601750072, 30.714433312281184, 7.064663791882705, 1391.4456093699646, -543.6946830087089
-543.5992520907936
2003-03-01 00:00:00
700.5140924497482, 34.71795832125657, 5.181429564287388, 1293.904358800197, -554.0384224300165
-553.4908784649049
2003-04-01 00:00:00
424.91288661087196, 29.972943562933498, 1.318081985200189, 152.12964854057762, 302.49836272543735
304.07426361842806
2003-05-01 00:00:00
267.3818498930677, 23.613264650658433, 0.03810434081610351, -845.5201250496704, 1132.356673762213
1136.5533439342125
2003-06-01 00:00:00
323.9095400526382, 19.81639684774611, -0.11543757013734074, -1529.5491279033483, 1865.1544526436164
1873.1596272335953
2003-07-01 00:00:00
421.401196396102, 85.89330285997323, -0.19348866039333545, -2627.745595430745, 3126.133481873348
3134.8466060264273
2003-08-01 00:00:00
429.25626059582765, 112.72058703206442, -6.4418848704274545, -1398.3376243244134, 1928.2722177194764
1933.872587081878
2003-09-01 00:00:00
1066.887728347522, 51.09088376891467, -5.350665742014343, 530.5891381158149, 578.626265450296
582.0388082586073
2003-10-01 00:00:00
944.5306934074006, 18.741871211094463, -0.9669469997936311, 2614.6745774936476, -1653.0845973773437
-1652.368959874946
2003-11-01 00:00:00
1213.5842383399536, 20.684266927853493, 3.6287523003559934, 2153.5234161139088, -915.6346718947367
-915.6261585457457
2003-12-01 00:00:00
914.0454713541128, 38.801095876117145, 6.105198134746407, 3390.187619382381, -2431.2500688110003
-2431.2358540174046
2004-01-01 00:00:00
841.3638433458862, 34.68362276510384, 4.496197546702834, 1747.932995721045, -867.4100320588299
-867.3893320633522
2004-02-01 00:00:00
811.6542756048736, 40.217300169497385, 6.958272318868886, 1850.0767719268258, -991.4048080268127
-991.2469238335858
2004-03-01 00:00:00
539.956675697559, 35.079079492546434, 3.860625864496813, 1055.484354541084, -477.30614661993997
-476.5879734864818
2004-04-01 00:00:00
676.9335066254337, 31.10623408941678, 0.3681008618949681, -179.89423539832163, 886.4970024921721
888.302076975067
2004-05-01 00:00:00
526.3395881253622, 25.257842534287274, 0.047528403445356374, -1074.317711283606, 1621.4408912814122
1625.9626703467009
2004-06-01 00:00:00
352.4366434481554, 19.180857153109436, -0.6017159098809216, -2228.379501591132, 2588.8608794986176
2599.395286282516
2004-07-01 00:00:00
494.52985913110217, 138.52964501929515, -0.3352492787529156, -3074.962950965066, 3694.058414029364
3707.6872058367103
2004-08-01 00:00:00
321.2282671005361, 172.16312480263286, -3.153767301737626, -1251.4317521504722, 1733.16009455338
1741.6693767519037
2004-09-01 00:00:00
883.5710658907061, 58.00996760603142, -1.5344613923056567, 399.5324746694529, 536.6464306728666
540.514097434979
2004-10-01 00:00:00
787.7977026768829, 12.354325968782163, -4.330171592182139, 3164.1375475881823, -2369.0130102431026
-2368.3156905346996
2004-11-01 00:00:00
1189.9255623262572, 33.89348288828159, 4.93444353837595, 3889.19472831999, -2660.46123086769
-2660.441239567075
2004-12-01 00:00:00
1939.1878155667316, 39.99574793202396, 5.129718466505244, 2552.8843054060117, -568.6174538651958
-568.5710234407509
2005-01-01 00:00:00
1503.8999969530726, 45.330132492448264, 8.101409485697816, 2337.5847500948375, -780.312281457846
-780.253211163619
2005-02-01 00:00:00
1165.0165971189933, 42.24275978762198, 12.725083961438179, 2492.300614717761, -1272.531660476657
-1272.3161738497076
2005-03-01 00:00:00
671.3174614027554, 44.86026506355409, 10.802801909270038, 2114.863422333666, -1388.5616440795322
-1387.8828939580867
2005-04-01 00:00:00
513.2348228579772, 35.63037357033549, 3.027400855135785, 659.7501940177823, -109.47000933166778
-107.85759673433392
2005-05-01 00:00:00
550.0567638851206, 27.023513911742356, 0.19304797417819172, -873.1314284768636, 1446.52186286781
1450.4047542479047
2005-06-01 00:00:00
474.07896852701106, 25.00974768969539, -0.20311620890516466, -2493.6753088248893, 2981.312313212944
2992.5609088326905
2005-07-01 00:00:00
481.33037730852675, 137.69926444963303, -0.9721981969769276, -2970.176915602253, 3574.260822648505
3588.234359163436
2005-08-01 00:00:00
834.4903676221825, 159.68892524790715, -1.22318409670453, -1667.2049492932151, 2651.1597125275057
2660.1610580666
2005-09-01 00:00:00
1456.8901419380657, 64.11580824779845, -11.133137407554527, 764.6912064052791, 741.3109001933839
745.1816063730304
2005-10-01 00:00:00
1154.6122878326705, 26.663736423182744, -3.0274516061002967, 3589.4855012350695, -2411.951560838893
-2411.2369285853165
2005-11-01 00:00:00
1261.3999645509077, 29.04533154586745, 2.064362916527977, 2595.456513058558, -1302.974796604794
-1302.946854045255
2005-12-01 00:00:00
854.6430920848668, 40.1570980997936, 4.530540176531555, 2702.951224877569, -1803.6410947683003
-1803.6204945163772
2006-01-01 00:00:00
1456.1397085597478, 48.87102743051754, 10.40658712714585, 3138.9795524394485, -1623.6232615951626
-1623.5622293220372
2006-02-01 00:00:00
1009.0562349585143, 47.76319209345978, 16.368674474468015, 3056.0954339626483, -1983.0788985411102
-1982.9073324362062
2006-03-01 00:00:00
652.8118076971332, 46.5601134031716, 16.026310273903963, 2378.3635758747223, -1663.897609259138
-1662.9653445005135
2006-04-01 00:00:00
693.3086265045514, 35.95587397456348, 1.8933142446445186, 87.16860001728256, 641.178439347445
643.9892147064769
2006-05-01 00:00:00
338.21256139645715, 23.000227795491174, 0.09014779264681617, -1649.1657292434666, 2003.975429144983
2010.4686662280617
2006-06-01 00:00:00
727.2255339692689, 8.203381984122364, -0.33677396739396237, -2766.023182189874, 3492.3523996612985
3501.1153241758716
2006-07-01 00:00:00
755.9605194830668, 84.2545541531965, -1.9286976495528314, -2453.2444765937744, 3281.1896976930993
3291.530852580485
2006-08-01 00:00:00
520.446219777074, 95.36382192798803, -0.6913477006720921, -1467.9346632737124, 2074.162802466548
2083.0533572781023
2006-09-01 00:00:00
749.2062424493884, 42.1608231344822, -19.49550631437194, 1353.50526343555, -585.98791228314
-581.6337041660514
2006-10-01 00:00:00
556.5730229205844, 8.853063170768854, -5.4593464128231375, 3848.9541438052697, -3289.9452276072407
-3288.9874041267394
2006-11-01 00:00:00
1471.5308160307377, 34.55368638984274, 2.5829308123281915, 2413.128543953798, -904.5692745467949
-904.4611107208891
2006-12-01 00:00:00
1424.3383934177148, 42.01972050971921, 5.059376369529822, 2991.9569837726144, -1520.6383419247773
-1520.5394934756505
2007-01-01 00:00:00
1156.0753680516566, 49.01480620733428, 12.427294707022583, 3092.931669808841, -1875.5032770835198
-1875.4142008428275
2007-02-01 00:00:00
682.7712714006036, 44.51301802125837, 21.024387978349573, 2830.9782820951627, -2082.8371850585177
-2082.669604694951
2007-03-01 00:00:00
1158.503604464343, 37.63517882591347, 6.590673658242789, 1118.6936482346503, 83.10487183809403
84.03580871384906
2007-04-01 00:00:00
800.5526171676066, 35.22958005803621, 4.702185545924288, 607.9023392059534, 229.19052289890016
232.58204356561373
2007-05-01 00:00:00
485.88295708532024, 26.887575789930644, 0.15115068329339673, -1254.5865603572531, 1760.9796789607406
1767.5082439157973
2007-06-01 00:00:00
425.86957454225626, 24.070642931137083, -0.2303793933244017, -2493.74297573788, 2931.2730106450895
2943.452813817949
2007-07-01 00:00:00
393.85117695347117, 101.86816819449986, -1.52394601554217, -2858.043243765438, 3337.578821226888
3352.238642897867
2007-08-01 00:00:00
758.7738112196793, 221.3704736260163, -7.949814753430896, -1220.0771051983702, 2182.8836350951256
2192.2715752906347
2007-09-01 00:00:00
985.4955265432309, 43.58290207170962, -2.426196094660883, 515.5109179038155, 506.5203798294257
511.14131461646423
2007-10-01 00:00:00
1463.5111761366802, 20.911751913450708, 0.09746203333034918, 2389.127199327996, -905.3803561683113
-904.6068092445348
2007-11-01 00:00:00
1342.7778121536358, 15.375423873282617, 4.013500781914264, 4238.1200175286285, -2875.988843359298
-2875.9532807197957
2007-12-01 00:00:00
1270.0179138907113, 40.54238512374648, 6.324424819096019, 3313.0507545002824, -1996.2138605301466
-1996.1660306667286
2008-01-01 00:00:00
995.0579305682588, 45.56304705912164, 10.242747194626183, 2670.366723055797, -1619.6079441143254
-1619.5029982337905
2008-02-01 00:00:00
1075.1742459464267, 55.21517151690977, 21.965629639774146, 3267.8583900825083, -2115.884426489564
-2115.5033429793975
2008-03-01 00:00:00
688.308344415157, 49.17235063598212, 15.106702653751263, 2242.858419237504, -1491.2751127660651
-1490.2710215326138
2008-04-01 00:00:00
428.4818836773297, 39.991461802770345, 7.572804280338601, 878.9835243554172, -406.00248349993564
-402.9373745949786
2008-05-01 00:00:00
322.18912047971514, 28.922613343919224, 0.11935054035006734, -1003.6933573725939, 1347.2739281398703
1354.9244417365785
2008-06-01 00:00:00
333.1832503058081, 18.478766332594663, -0.2912519449242354, -2390.8823290912474, 2728.255775528139
2742.253093784726
2008-07-01 00:00:00
500.01685757985325, 92.90920793067929, -1.342189073339126, -2837.49705751505, 3415.308538323396
3429.0809339522434
2008-08-01 00:00:00
505.2716953570682, 83.32775437183716, -2.5414985093259346, -1390.6184621627142, 1967.2404292875276
1976.6764133822935
2008-09-01 00:00:00
785.7514458959998, 33.293495590022054, -2.3803872536432, 529.4614716952842, 283.44207209005634
287.2030825370945
2008-10-01 00:00:00
1236.600552638775, 22.24505345480665, 0.23913120136154223, 3331.379514049549, -2073.089713142507
-2072.2947767546057
2008-11-01 00:00:00
1188.6223953812937, 40.25504465940834, 4.063122135620361, 3699.960987463021, -2467.0887615394836
-2467.0204252866984
2008-12-01 00:00:00
1218.6140575928423, 38.387395547506785, 5.191978414695585, 2522.4474485538663, -1260.3140271873995
-1260.2540169988217
2009-01-01 00:00:00
1034.067737950013, 48.7419039782513, 17.02316941923472, 3446.7016608790423, -2346.948840336375
-2346.868849531543
2009-02-01 00:00:00
857.6588278767836, 54.33460290377866, 22.00960068310526, 3178.89904474772, -2245.0962518637525
-2244.8960132840525
2009-03-01 00:00:00
828.3603890056618, 34.517993877427294, 9.788918690727009, 1469.1333511723444, -597.372787665896
-596.4660495985283
2009-04-01 00:00:00
527.2932191665692, 34.14263816283365, 6.119878994642795, 1012.0184960229811, -446.3168010485028
-444.46275969893543
2009-05-01 00:00:00
492.937071471549, 29.31776174178479, 0.06175323998647471, -915.2301842805124, 1433.2429027040087
1437.5467707338325
2009-06-01 00:00:00
503.03439915234566, 17.867447445016413, -0.3865772019053908, -2455.7115482945005, 2966.6098669067405
2976.226817689957
2009-07-01 00:00:00
403.98904443662565, 38.75821613044795, -0.9640522934319684, -3279.2662597029343, 3707.4193676442273
3721.049467976576
2009-08-01 00:00:00
591.1471875094878, 110.96047150447079, -7.747547724936789, -1462.2797818968338, 2147.852016060472
2156.6398931858557
2009-09-01 00:00:00
1296.1355530740186, 48.66432342881246, -3.9383337944856125, 280.8123067810462, 1056.0112567968533
1060.0492359272994
2009-10-01 00:00:00
1087.3932369453025, 33.748767033595136, 0.6154887187203233, 3032.268322204865, -1911.3639287036774
-1910.5108295072469
2009-11-01 00:00:00
1196.2607183055625, 31.366590715836388, 4.990144208842821, 3269.8698020655756, -2037.3209588638763
-2037.252348835334
2009-12-01 00:00:00
920.7819049418235, 40.13905937681539, 7.686910606938705, 3940.6920284077146, -2972.1392728393466
-2972.084153482137
2010-01-01 00:00:00
942.5803973814375, 36.77930515403514, 9.477128457495043, 3063.358561983047, -2074.5754953001083
-2074.521730990079
2010-02-01 00:00:00
589.9421001898182, 47.590626620434016, 22.441856642690844, 3442.9842683601187, -2783.17235851844
-2783.0096849071756
2010-03-01 00:00:00
575.0676455148904, 41.2882795635334, 15.22342171767254, 2036.0057759806748, -1405.1743105296573
-1404.4264291845784
2010-04-01 00:00:00
549.271167863441, 31.861906351320766, 0.8537487652115113, 337.16602709586437, 242.6385678693937
244.82079588410886
2010-05-01 00:00:00
362.971783691934, 24.33853216211187, 0.04814614280742992, -1567.5384480646974, 1948.1562008105893
1954.8969100615507
2010-06-01 00:00:00
364.54684098312555, 6.7185685655693765, 0.02659506300740496, -2812.623668914062, 3171.0031414800883
3183.9156735257643
2010-08-01 00:00:00
473.1648899214161, 66.24620869316841, -10.495400332620509, -1172.0597503626088, 1691.7421787348344
1700.9754486445727
2010-09-01 00:00:00
536.9848278589546, 10.287216607950894, -0.8273706716795008, 753.6215704808063, -211.63512864759699
-207.17689668558035
2010-10-01 00:00:00
983.5532115772181, 6.667142101006216, 0.030129364714914657, 2732.267185766398, -1742.8363510372615
-1742.0167027234588
2010-11-01 00:00:00
715.6145635626654, 21.26761000245465, 6.563990103278756, 4410.966751931089, -3667.6259465703192
-3667.52058826269
2010-12-01 00:00:00
980.326368129816, 34.72652308215777, 7.449095546063617, 3183.4966098713003, -2161.063529970036
-2160.9946231132626
2011-01-01 00:00:00
902.1438526642272, 43.50723466961604, 13.002702501669429, 2840.85679826807, -1882.2739153304044
-1882.2030084325575
2011-02-01 00:00:00
707.6775950379098, 43.16180702775201, 17.465313608605697, 2546.5326012431647, -1778.366338655027
-1778.2278855688971
2011-03-01 00:00:00
960.0336578822622, 39.67447079479983, 10.049384564823676, 1608.5216872362323, -599.7111971382811
-598.7641739943466
2011-04-01 00:00:00
796.1069416903262, 32.115009627253734, 0.3726997060234729, -326.5923917478277, 1152.2342761442703
1155.1870427714312
2011-05-01 00:00:00
504.15313311068365, 27.02312137106612, 0.1605846478734681, -1192.0019335670447, 1714.4701832284597
1723.338772696668
2011-06-01 00:00:00
480.519775633107, 28.589258724342223, -0.4656755924519255, -3352.4405508295476, 3846.8334485169776
3861.083909594545
2011-08-01 00:00:00
490.5847293740945, 128.6203192917549, -3.74795253595806, -1433.8514051799382, 2039.7486782347462
2049.30850130983
2011-09-01 00:00:00
816.8303490090335, 70.51643593571508, -3.0948451394804035, -294.4142729256758, 1174.210177141497
1178.666212730944
2011-10-01 00:00:00
1272.8271016372607, 14.198264163476281, -4.068210067357056, 3205.1655260794255, -1923.0644575712145
-1922.2083703460455
2011-11-01 00:00:00
1493.3806956332005, 44.23060928861792, 4.8764275655179645, 4129.976798321072, -2587.5451682732705
-2587.489065833736
2011-12-01 00:00:00
1791.056571439613, 38.00651594549534, 5.677096023220159, 2664.1621947617505, -829.4777756881149
-829.422011353422
2012-01-01 00:00:00
1103.2443962371071, 42.614356841418505, 7.781801003511287, 3007.087779672503, -1853.5323200521157
-1853.4472255904661
2012-02-01 00:00:00
1441.5362606823765, 41.020719827484115, 14.11233282137696, 2909.349340787983, -1412.9867709939529
-1412.6800274567454
2012-03-01 00:00:00
1051.261989455699, 38.46420585203682, 6.320081474343792, 1934.9873472794764, -840.2912889783515
-838.9410704973966
2012-04-01 00:00:00
469.9715468963234, 33.597425362239626, 2.4668059342253685, 458.7127978293854, 43.58873865359227
47.32298036340296
2012-05-01 00:00:00
706.5653090596727, 23.71492500745356, 0.17839579723678892, -1576.6881224065132, 2299.546505429979
2307.1467522708763
2012-06-01 00:00:00
343.6119559837164, 19.887841433310605, 0.008270230252135097, -3482.4358885360375, 3831.6039822215057
3845.943956183317
2012-08-01 00:00:00
647.6708979831678, 84.49535558871091, -3.320245830376107, -1126.6348891517712, 1846.1651154819426
1855.480896893274
2012-09-01 00:00:00
1053.3107259813792, 20.84486264989625, -2.463794635486867, 408.9626396570791, 658.0922796394495
662.7291543387093
2012-10-01 00:00:00
625.7391580865847, 11.972391454967667, 0.9730573680676026, 3145.3617764289693, -2507.731600918807
-2506.6771695193493
2012-11-01 00:00:00
1234.6786853164988, 18.36727001570028, 7.834319035709411, 4187.759751209489, -2927.093198612128
-2926.8794768415805
2012-12-01 00:00:00
804.6726221436563, 42.02601564130224, 9.562424518458895, 4072.6071528317734, -3216.4500119428835
-3216.346090528356
2013-01-01 00:00:00
932.7038134151732, 48.551662592269146, 14.060371297076605, 3570.592224828201, -2575.3579509425426
-2575.2763775236817
2013-02-01 00:00:00
548.1462754087398, 48.80492483606127, 18.995373070410768, 2786.8265917295516, -2171.0995006964345
-2170.8800184143397
2013-03-01 00:00:00
431.2377171670938, 50.532010002088164, 24.220350240849218, 2739.0791847781757, -2233.790320466126
-2233.0891073681446
2013-04-01 00:00:00
625.8005147655792, 30.165626047501497, 2.707844652444934, 213.0205306669622, 443.5749401193556
445.6534547985635
2013-05-01 00:00:00
446.66746041592586, 24.33430189353097, 0.03452782668208123, -1625.5926775928765, 2090.7938464139997
2096.6289677290156
2013-06-01 00:00:00
403.1827480589774, 44.01055026837981, -0.23887155592986897, -3122.512379330533, 3561.0581541153215
3569.46680610196
2013-08-01 00:00:00
1044.713365544406, 258.6311190384559, -3.168845565588129, -1516.9054086228998, 2807.8204486159566
2817.081047640174
2013-09-01 00:00:00
840.5271076889945, 105.99460383872307, -5.1662731793755325, 606.268767085941, 330.74325633167456
335.08667126240107
2013-10-01 00:00:00
750.0372081675633, 20.264431785921605, -5.762832267448396, 4509.400820502506, -3745.8278441328016
-3744.8620128164694
2013-11-01 00:00:00
1419.3633525860823, 27.99611896844196, 2.4535561753235813, 3651.302008167171, -2201.5660819261766
-2201.4889804373233
2013-12-01 00:00:00
1148.7808502653347, 42.013148161590266, 7.276076176045119, 3723.812831734302, -2525.82884347368
-2525.742757131332
2014-01-01 00:00:00
647.1745794616446, 45.09157530937856, 6.69474532091699, 2469.208120937239, -1770.3453406599406
-1770.247220845299
2014-02-01 00:00:00
890.8575611363697, 40.79404019709285, 9.478104652791975, 1987.921255101862, -1047.0272327605644
-1046.7915491156075
2014-03-01 00:00:00
767.2543906248063, 37.502044621970505, 9.819414729573417, 1918.185212652691, -1104.6003033516747
-1103.6093626763409
2014-04-01 00:00:00
628.3843903818325, 34.57263123019523, 5.289102639172426, 708.9525685455106, -43.15598340332594
-40.70644429431047
2014-05-01 00:00:00
339.76033035388684, 29.95525123766227, 0.10523485067343193, -1041.2114540612254, 1405.7235443093991
1411.0322705034478
2014-06-01 00:00:00
317.0041459823519, 17.635123639919787, -0.10686247145586064, -2593.637325929097, 2917.9333949228494
2928.169733079913
2014-08-01 00:00:00
389.9187817663742, 157.80111551219917, -3.1545345010919634, -1254.008717243517, 1789.330777182738
1798.5740800209983
2014-09-01 00:00:00
934.079251476517, 38.60104516668461, -10.392266469291918, 893.5325872915861, 64.30715230013318
68.75544288232356
2014-10-01 00:00:00
1061.9528486747142, -9.009305833431748, -2.619599551397813, 3435.7405929106967, -2386.333398138518
-2385.4166496208118
2014-11-01 00:00:00
870.7762367434588, 28.790060004734013, 4.8073647762639755, 3444.468982234871, -2540.122352514461
-2540.0953207104144
2014-12-01 00:00:00
1415.8953852581326, 41.67394420820865, 4.530700757002768, 2701.792351617202, -1239.7024294191187
-1239.6923213938578
2015-01-01 00:00:00
1017.0995158628234, 52.20407027602338, 10.050790199334754, 3181.5351091014527, -2102.196175197359
-2102.1807327632714
2015-02-01 00:00:00
1083.2982004545986, 50.73980161315709, 16.698526297477585, 2736.056882964819, -1585.4557148479655
-1585.3203545995857
2015-03-01 00:00:00
1118.5410975663237, 40.8314036144616, 6.5293858454345575, 1306.6366621754494, -141.77075423038377
-140.73477514922956
2015-04-01 00:00:00
819.0423918257951, 36.09549285999333, 0.40720934344481474, -22.16979544662529, 873.6066011991666
877.7148894758585
2015-05-01 00:00:00
589.7484687899417, 28.6209029036324, 0.09538002382851453, -1413.460858543625, 2024.3317759170575
2031.9256102610275
2015-06-01 00:00:00
687.5737951106869, 26.824724973788033, -0.1052047460582865, -2725.8309352173433, 3426.1153783311297
3440.12425055576
2015-08-01 00:00:00
662.8905958700725, 162.82058711678434, -4.51553445277493, -1540.6526010481412, 2350.4870406230684
2361.848249582223
2015-09-01 00:00:00
723.9437620466672, 62.35768364337189, -5.55680353208913, 508.8526938960717, 267.13358315622764
271.8919482618782
2015-10-01 00:00:00
1184.8327751708011, 18.17245183596589, 1.6481500765278008, 3125.346324581606, -1921.798392304278
-1920.6929474983112
2015-11-01 00:00:00
1503.9795604298843, 38.28901170720425, 5.594060223010136, 3510.4754028959183, -1962.7092585958205
-1962.6127705358197
2015-12-01 00:00:00
1852.0591626874088, 44.77175228015927, 7.066377821646542, 3452.964702193662, -1549.1424839165
-1549.0674094044475
2016-01-01 00:00:00
777.8627042287318, 42.81445131351706, 7.125770805906255, 2815.066795359962, -1987.3575001068969
-1987.2638690118067
2016-02-01 00:00:00
1011.725712085459, 38.00184779501111, 6.933809141359577, 2084.977703029133, -1028.6474918174747
-1028.316334007303
2016-03-01 00:00:00
817.6960208496547, 35.164037669974974, 6.849919621219613, 1475.2862964673825, -616.8542781270497
-615.5763183265332
2016-04-01 00:00:00
425.5078303379538, 29.01180104067456, 1.1604178739213253, 70.10079504575786, 381.91936402493417
385.57925420679186
2016-05-01 00:00:00
623.6751648839349, 19.832382912547647, 0.03263783523385898, -1852.9372639377461, 2489.421420051997
2496.477449569463
2016-06-01 00:00:00
317.1546823195223, 12.747792124586105, -0.3580650383177988, -3259.746746291423, 3574.893785205896
3589.2911556972135
2016-08-01 00:00:00
634.4777802616558, 203.98452047679504, -7.659880292315774, -1119.0160206015196, 1940.9398306881715
1949.8184410476547
2016-09-01 00:00:00
941.0784269241108, 74.56962243835018, -1.7163814349591413, -2.13219374056868, 1012.2063555640287
1016.0638616680706
2016-10-01 00:00:00
908.4093524973738, 14.0890268385244, -0.22041470824330303, 2374.3090189579443, -1452.8908074056403
-1452.0310543302894
2016-11-01 00:00:00
1105.3963576563438, 20.23310104194159, 4.561345000026959, 4091.605778700636, -2961.5388014037794
-2961.414975002324
2016-12-01 00:00:00
1397.3608377177065, 39.6446177386312, 8.909988352255223, 4759.466221978324, -3313.630334952817
-3313.550778169731
2017-01-01 00:00:00
1437.9450915814693, 47.67535049599517, 13.220886836768738, 4273.50117519563, -2774.751936518343
-2774.6598462813963
2017-02-01 00:00:00
699.4408936905749, 55.44161274129232, 16.733082919710693, 2981.9301776920993, -2210.616822723573
-2210.3145883405214
2017-03-01 00:00:00
701.5747455825517, 42.27379488297842, 13.344770218937564, 2012.6774684091456, -1256.6140051918862
-1255.484157724678
2017-04-01 00:00:00
441.3992745480899, 43.610481710265326, 6.093474531062552, 795.3974069058901, -307.3481659431829
-304.2941761164723
2017-05-01 00:00:00
305.9152796923951, 31.526827662589266, 0.2929748089130181, -529.8047749874655, 861.9410113619558
867.5398571513629
2017-06-01 00:00:00
218.7402799369817, 25.136310116404502, -0.13115298619001742, -2277.139564410736, 2506.7131525208056
2520.8850014779323
2017-08-01 00:00:00
609.4101664100143, 195.0409121994123, -3.094813501866358, -1724.6911520117508, 2515.088210538901
2526.047417119311
2017-09-01 00:00:00
545.2567291334132, 40.37463108954273, -9.956476567714281, 292.20593609853705, 278.27060438162135
283.46894755670456
2017-10-01 00:00:00
901.6885851211795, 19.678535964205633, -2.984578628407158, 2777.7829283771794, -1860.3512583139052
-1859.4003859202014
2017-11-01 00:00:00
1325.3546894016085, 42.13536604489392, 4.865762608649714, 3809.0458081373176, -2436.7678736192006
-2436.6899900821654
2017-12-01 00:00:00
1218.1229281396866, 38.468130170231525, 4.538133477392701, 2842.126971989532, -1581.0653840744667
-1580.9977802022215
