2003-01-01 00:00:00
-144.11163703825332, 9.13870923501122, -0.5695225312929684, 31.972712108983032, -181.58107374574695
-167.51516244351808
2003-02-01 00:00:00
344.5876707909736, 11.58031765780248, -0.035658857965280455, 16.067259598414534, 327.4882399991619
340.0650699923963
2003-03-01 00:00:00
-108.72226183325543, 14.840706637905733, -0.4863303305432088, 19.418897695503013, -126.79735034434904
-113.78678322139592
2003-04-01 00:00:00
-282.90759400651604, 12.177481245119429, -0.10177745529732833, -0.837618263648641, -276.13432579667233
-269.99427195304526
2003-05-01 00:00:00
-267.998166993303, 8.953875129938499, -0.009036502460712133, -29.63364048988359, -230.48237525559986
-229.41968787594163
2003-06-01 00:00:00
-202.1895290064765, -17.11846133982962, -0.00015497218576136925, -86.8654756213801, -132.4811420025074
-132.4426696971118
2003-08-01 00:00:00
-178.07157358479512, -36.72981952712093, -0.09609124269267562, -18.32347388302953, -196.57971329409128
-196.5740104715792
2003-09-01 00:00:00
169.62774203635098, -49.96091164778717, -0.04785535975586743, 1.1512013762568145, 118.45555528321093
118.46777365255113
2003-10-01 00:00:00
-10.615824150763594, -15.734852238591134, -0.10068898969419422, 23.389851253145913, -50.98654847389157
-49.841216632194836
2003-11-01 00:00:00
216.4418538672775, -2.8324451595607223, -0.06159100678273551, 30.153155283295796, 176.88984262806315
183.39466241763822
2003-12-01 00:00:00
69.26638868994608, 6.746110481120689, -0.47330045486967326, 34.94220294655696, 28.412981486149363
40.596995769640145
2004-01-01 00:00:00
65.76157415649409, 5.344080191415765, -0.4490869797781452, 24.942187354210724, 33.72721792615085
45.714380013920994
2004-02-01 00:00:00
158.08468926464988, 6.780700491548794, -0.882480352603503, 27.44331772023261, 124.3704723183644
136.53959168336257
2004-03-01 00:00:00
171.42289651937915, 10.677029547485384, -0.3807038831023926, 18.677177948498276, 152.4194937232282
163.04204423526386
2004-04-01 00:00:00
-6.283255695413776, 13.32156772338564, -0.1964839891915076, 7.36008722935807, -7.258069924022392
-0.518259190577715
2004-05-01 00:00:00
-58.36936135451053, -0.5272258700107435, -0.009589486161703851, -22.514482727476707, -37.65302513843096
-36.39169398320627
2004-06-01 00:00:00
-161.8758700213468, -22.71464549763646, -0.02174536648947191, -63.583200033275105, -121.07031546512935
-121.02906085219765
2004-08-01 00:00:00
-173.27719555682054, -56.618009820174485, 0.04818627035057948, -4.2820088843380475, -225.5650102222419
-225.5650102223064
2004-09-01 00:00:00
124.93536391039339, -31.301806699345406, -0.02264121626841396, 0.2398251327668648, 93.37060669140287
93.37109086201271
2004-10-01 00:00:00
7.109490867393613, -29.6227999665693, -0.46349457940005345, 23.562413641065373, -47.4187826477216
-46.53921731964111
2004-11-01 00:00:00
98.93827515710795, 12.945756546470419, -0.1215765968508673, 39.02913876296033, 65.37560095938503
72.73331634376717
2004-12-01 00:00:00
518.5081238323515, 11.950067024630227, -0.6159224855051257, 24.09524296226195, 499.522696455447
505.74702540921464
2005-01-01 00:00:00
78.11587670392991, 11.801925856450108, -0.6533233662399952, 22.060015829073258, 61.02630113255197
67.20446336506677
2005-02-01 00:00:00
287.5198803496662, 13.275618948731797, -0.683345300384065, 24.80297322401814, 269.8300385653906
275.30918077399576
2005-03-01 00:00:00
79.91433463524183, 13.193929383276354, -0.47376095887378566, 25.09893598094779, 57.08605164786944
67.53556707869662
2005-04-01 00:00:00
-182.86298450885096, 11.904778037216376, -0.1997865862402928, 9.950011105180346, -187.70211013592777
-181.10800416305523
2005-05-01 00:00:00
-243.7172247542917, 12.141058876594348, -0.007942670334694828, -27.54505090011139, -204.9840568452346
-204.03905764792066
2005-06-01 00:00:00
-25.264396059286444, -24.635341854649027, -0.0036459857719702052, -62.16419608358696, 12.168162516306397
12.260812183879523
2005-08-01 00:00:00
102.63358899757061, -40.92244904169616, 0.004421537641826667, -2.9595807479379785, 64.67514224150612
64.67514224145425
2005-09-01 00:00:00
257.45284490571834, -28.381603004037558, -0.016978782768123625, -0.0024211940488954374, 229.0566843130603
229.05668431296155
2005-10-01 00:00:00
200.66309703922732, -19.015269908575878, -0.21407909627398766, 15.448487991116657, 165.8476173382992
165.9852600432608
2005-11-01 00:00:00
-207.29659871717024, 2.2467912369373444, -0.050007642228114955, 32.2762349083713, -243.3400380471402
-237.3760500308323
2005-12-01 00:00:00
281.5218758354544, 8.063783939620777, -0.4181319475878589, 22.932281525213707, 260.4578968980734
266.23524630227365
2006-01-01 00:00:00
379.5867589937676, 10.662076713256436, -0.8886219865967168, 23.825001583872307, 359.97518161659036
365.53521213655506
2006-02-01 00:00:00
-84.54872251024398, 11.086295313443534, -0.40926874644373945, 25.203915015417486, -106.12221074775675
-99.07561095866168
2006-03-01 00:00:00
98.56522283267074, 12.690908390562075, -0.8556750055038393, 25.20418495218015, 76.29042704928978
85.19627126554883
2006-04-01 00:00:00
245.29146918321626, 11.02814807243768, -0.36211352395790003, 3.0048685007372646, 248.59352814716425
252.95263523095878
2006-05-01 00:00:00
-306.1210276642893, 2.0901876388984095, -0.0027623078101361464, -24.429225549470736, -280.29589523135286
-279.6043767837303
2006-06-01 00:00:00
46.27638605456168, -21.22871619846068, -0.010105758354185123, -48.72487252426572, 73.7125112379756
73.76243662201253
2006-08-01 00:00:00
-93.58686105524183, -30.34206323933669, 0.00043881363882441446, -4.099874412586626, -119.82861106832911
-119.82861106835306
2006-09-01 00:00:00
43.420140375246085, -25.828710333555534, 0.17991469288933065, 0.43730329219381964, 17.333719346458967
17.33404144238606
2006-10-01 00:00:00
-28.285380319368482, -15.932493164689387, 0.11175199719955267, 25.77311074781605, -70.08511720073815
-69.87923223467436
2006-11-01 00:00:00
377.6709398012081, 5.771564350349856, -0.1435964116680486, 21.96957062401112, 357.3960482070295
361.3293371158788
2006-12-01 00:00:00
61.48203746620171, 6.684975894829099, -0.4035417650048643, 23.73194244986843, 38.53269228724632
44.031529146157524
